series,date,group,sales,volume
abs,2018-01-01,451,6178.979,88.484
abs,2018-02-01,451,5622.871,85.907
abs,2018-03-01,451,6888.017,100.352
abs,2018-04-01,451,6812.464,90.96
abs,2018-05-01,451,6732.374,89.864
abs,2018-06-01,451,7346.928,107.381
abs,2018-07-01,451,8128.925,115.593
abs,2018-08-01,451,7733.918,107.074
abs,2018-09-01,451,5604.835,76.575
abs,2018-10-01,451,6548.46,90.134
abs,2018-11-01,451,6660.276,92.116
abs,2018-12-01,451,6199.289,86.304
abs,2019-01-01,451,6487.527,93.701
abs,2019-02-01,451,5600.38,86.609
abs,2019-03-01,451,6963.785,102.539
abs,2019-04-01,451,6875.295,92.812
abs,2019-05-01,451,7614.315,102.8
abs,2019-06-01,451,6716.026,99.344
abs,2019-07-01,451,7657.625,109.841
abs,2019-08-01,451,7665.1,105.961
abs,2019-09-01,451,5868.263,80.719
abs,2019-10-01,451,6801.695,93.478
abs,2019-11-01,451,6796.091,94.382
abs,2019-12-01,451,6490.656,90.568
abs,2020-01-01,451,6465.47,93.184
abs,2020-02-01,451,5782.392,89.837
abs,2020-03-01,451,5576.005,82.293
abs,2020-04-01,451,436.328,5.705
abs,2020-05-01,451,3150.437,38.817
abs,2020-06-01,451,6726.138,101.005
abs,2020-07-01,451,8098.389,118.194
abs,2020-08-01,451,7902.718,110.695
abs,2020-09-01,451,7910.621,113.789
abs,2020-10-01,451,7237.003,102.095
abs,2020-11-01,451,7278.613,104.709
abs,2020-12-01,451,8392.418,123.844
abs,2021-01-01,451,5327.547,81.742
abs,2021-02-01,451,6002.123,93.239
abs,2021-03-01,451,8943.912,132.959
abs,2021-04-01,451,8165.791,121.947
abs,2021-05-01,451,6295.825,83.451
abs,2021-06-01,451,349.759,4.649
abs,2021-07-01,451,1311.939,17.405
abs,2021-08-01,451,3089.963,44.297
abs,2021-09-01,451,6478.799,93.908
abs,2021-10-01,451,9082.439,132.765
abs,2021-11-01,451,7617.49,110.975
abs,2021-12-01,451,8014.615,119.336
abs,2022-01-01,451,6132.007,93.97
abs,2022-02-01,451,6202.937,95.257
abs,2022-03-01,451,9893.685,146.641
abs,2022-04-01,451,8261.227,123.382
abs,2022-05-01,451,6881.602,101.436
abs,2022-06-01,451,8849.74,126.826
abs,2022-07-01,451,6973.595,98.86
abs,2022-08-01,451,9351.591,130.896
abs,2022-09-01,451,9099.098,128.636
abs,2022-10-01,451,8234.684,117.34
abs,2022-11-01,451,8786.407,124.904
abs,2022-12-01,451,9998.932,142.335
abs,2023-01-01,451,7662.181,109.411
abs,2023-02-01,451,8829.898,125.738
abs,2023-03-01,451,10269.171,146.672
abs,2023-04-01,451,6828.999,97.258
abs,2023-05-01,451,8932.33,129.484
abs,2023-06-01,451,8512.389,125.297
abs,2023-07-01,451,8776.399,129.17
abs,2023-08-01,451,9934.883,142.43
abs,2023-09-01,451,9448.074,133.792
abs,2023-10-01,451,10260.608,145.546
abs,2023-11-01,451,9973.311,141.163
abs,2023-12-01,451,10442.057,148.14
abs,2024-01-01,451,9262.105,131.217
abs,2024-02-01,451,8845.31,125.418
abs,2024-03-01,451,9977.51,141.653
abs,2024-04-01,451,8640.523,122.23
abs,2024-05-01,451,9927.961,142.783
abs,2024-06-01,451,8220.352,119.987
abs,2024-07-01,451,10004.168,146.269
abs,2024-08-01,451,9890.121,142.24
abs,2024-09-01,451,8473.855,120.413
abs,2024-10-01,451,9864.415,139.873
abs,2024-11-01,451,9539.876,135.619
abs,2024-12-01,451,10820.127,153.713
abs,2025-01-01,451,7162.924,101.585
abs,2025-02-01,451,8863.832,124.943
abs,2025-03-01,451,10129.587,142.688
abs,2025-04-01,451,8723.601,123.35
abs,2025-05-01,451,9949.158,142.472
abs,2025-06-01,451,7989.973,116.34
abs,2025-07-01,451,9894.783,144.381
abs,2025-08-01,451,10302.646,148.648
abs,2025-09-01,451,8633.617,122.567
abs,2025-10-01,451,10802.079,153.335
abs,2025-11-01,451,10391.6,147.765
abs,2025-12-01,451,12517.433,177.875
abs,2026-01-01,451,9017.907,128.246
abs,2026-02-01,451,7346.912,104.596
growth_yoy,2019-01-01,451,4.994,5.895
growth_yoy,2019-02-01,451,-0.4,0.817
growth_yoy,2019-03-01,451,1.1,2.179
growth_yoy,2019-04-01,451,0.922,2.035
growth_yoy,2019-05-01,451,13.1,14.395
growth_yoy,2019-06-01,451,-8.587,-7.484
growth_yoy,2019-07-01,451,-5.798,-4.976
growth_yoy,2019-08-01,451,-0.89,-1.04
growth_yoy,2019-09-01,451,4.7,5.411
growth_yoy,2019-10-01,451,3.867,3.709
growth_yoy,2019-11-01,451,2.039,2.46
growth_yoy,2019-12-01,451,4.7,4.941
growth_yoy,2020-01-01,451,-0.34,-0.551
growth_yoy,2020-02-01,451,3.25,3.728
growth_yoy,2020-03-01,451,-19.929,-19.745
growth_yoy,2020-04-01,451,-93.654,-93.853
growth_yoy,2020-05-01,451,-58.625,-62.24
growth_yoy,2020-06-01,451,0.151,1.671
growth_yoy,2020-07-01,451,5.756,7.605
growth_yoy,2020-08-01,451,3.1,4.468
growth_yoy,2020-09-01,451,34.803,40.969
growth_yoy,2020-10-01,451,6.4,9.219
growth_yoy,2020-11-01,451,7.1,10.941
growth_yoy,2020-12-01,451,29.3,36.743
growth_yoy,2021-01-01,451,-17.6,-12.279
growth_yoy,2021-02-01,451,3.8,3.786
growth_yoy,2021-03-01,451,60.4,61.568
growth_yoy,2021-04-01,451,1771.48,2037.439
growth_yoy,2021-05-01,451,99.84,114.985
growth_yoy,2021-06-01,451,-94.8,-95.398
growth_yoy,2021-07-01,451,-83.8,-85.274
growth_yoy,2021-08-01,451,-60.9,-59.983
growth_yoy,2021-09-01,451,-18.1,-17.471
growth_yoy,2021-10-01,451,25.5,30.04
growth_yoy,2021-11-01,451,4.656,5.985
growth_yoy,2021-12-01,451,-4.502,-3.64
growth_yoy,2022-01-01,451,15.1,14.958
growth_yoy,2022-02-01,451,3.346,2.164
growth_yoy,2022-03-01,451,10.619,10.29
growth_yoy,2022-04-01,451,1.169,1.176
growth_yoy,2022-05-01,451,9.304,21.552
growth_yoy,2022-06-01,451,2430.238,2628.296
growth_yoy,2022-07-01,451,431.549,467.995
growth_yoy,2022-08-01,451,202.644,195.5
growth_yoy,2022-09-01,451,40.444,36.981
growth_yoy,2022-10-01,451,-9.334,-11.618
growth_yoy,2022-11-01,451,15.345,12.552
growth_yoy,2022-12-01,451,24.759,19.273
growth_yoy,2023-01-01,451,24.954,16.432
growth_yoy,2023-02-01,451,42.35,31.999
growth_yoy,2023-03-01,451,3.795,0.021
growth_yoy,2023-04-01,451,-17.337,-21.173
growth_yoy,2023-05-01,451,29.8,27.651
growth_yoy,2023-06-01,451,-3.812,-1.206
growth_yoy,2023-07-01,451,25.852,30.66
growth_yoy,2023-08-01,451,6.237,8.812
growth_yoy,2023-09-01,451,3.835,4.008
growth_yoy,2023-10-01,451,24.602,24.038
growth_yoy,2023-11-01,451,13.508,13.017
growth_yoy,2023-12-01,451,4.432,4.078
growth_yoy,2024-01-01,451,20.881,19.931
growth_yoy,2024-02-01,451,0.175,-0.254
growth_yoy,2024-03-01,451,-2.84,-3.422
growth_yoy,2024-04-01,451,26.527,25.676
growth_yoy,2024-05-01,451,11.146,10.27
growth_yoy,2024-06-01,451,-3.431,-4.238
growth_yoy,2024-07-01,451,13.989,13.238
growth_yoy,2024-08-01,451,-0.451,-0.134
growth_yoy,2024-09-01,451,-10.311,-10.0
growth_yoy,2024-10-01,451,-3.861,-3.898
growth_yoy,2024-11-01,451,-4.346,-3.928
growth_yoy,2024-12-01,451,3.621,3.762
growth_yoy,2025-01-01,451,-22.664,-22.582
growth_yoy,2025-02-01,451,0.209,-0.379
growth_yoy,2025-03-01,451,1.524,0.731
growth_yoy,2025-04-01,451,0.961,0.916
growth_yoy,2025-05-01,451,0.214,-0.218
growth_yoy,2025-06-01,451,-2.803,-3.039
growth_yoy,2025-07-01,451,-1.093,-1.291
growth_yoy,2025-08-01,451,4.171,4.505
growth_yoy,2025-09-01,451,1.885,1.789
growth_yoy,2025-10-01,451,9.506,9.624
growth_yoy,2025-11-01,451,8.928,8.957
growth_yoy,2025-12-01,451,15.687,15.719
growth_yoy,2026-01-01,451,25.897,26.245
growth_yoy,2026-02-01,451,-17.114,-16.285
growth_mom,2018-02-01,451,-9.0,-2.912
growth_mom,2018-03-01,451,22.5,16.815
growth_mom,2018-04-01,451,-1.097,-9.359
growth_mom,2018-05-01,451,-1.176,-1.206
growth_mom,2018-06-01,451,9.128,19.493
growth_mom,2018-07-01,451,10.644,7.648
growth_mom,2018-08-01,451,-4.859,-7.37
growth_mom,2018-09-01,451,-27.529,-28.484
growth_mom,2018-10-01,451,16.836,17.706
growth_mom,2018-11-01,451,1.708,2.199
growth_mom,2018-12-01,451,-6.921,-6.31
growth_mom,2019-01-01,451,4.65,8.571
growth_mom,2019-02-01,451,-13.675,-7.569
growth_mom,2019-03-01,451,24.345,18.394
growth_mom,2019-04-01,451,-1.271,-9.487
growth_mom,2019-05-01,451,10.749,10.762
growth_mom,2019-06-01,451,-11.797,-3.361
growth_mom,2019-07-01,451,14.02,10.566
growth_mom,2019-08-01,451,0.098,-3.533
growth_mom,2019-09-01,451,-23.442,-23.822
growth_mom,2019-10-01,451,15.906,15.806
growth_mom,2019-11-01,451,-0.082,0.968
growth_mom,2019-12-01,451,-4.494,-4.042
growth_mom,2020-01-01,451,-0.388,2.889
growth_mom,2020-02-01,451,-10.565,-3.592
growth_mom,2020-03-01,451,-3.569,-8.398
growth_mom,2020-04-01,451,-92.175,-93.067
growth_mom,2020-05-01,451,622.034,580.367
growth_mom,2020-06-01,451,113.499,160.207
growth_mom,2020-07-01,451,20.402,17.018
growth_mom,2020-08-01,451,-2.416,-6.345
growth_mom,2020-09-01,451,0.1,2.795
growth_mom,2020-10-01,451,-8.515,-10.277
growth_mom,2020-11-01,451,0.575,2.56
growth_mom,2020-12-01,451,15.302,18.275
growth_mom,2021-01-01,451,-36.52,-33.996
growth_mom,2021-02-01,451,12.662,14.064
growth_mom,2021-03-01,451,49.012,42.601
growth_mom,2021-04-01,451,-8.7,-8.282
growth_mom,2021-05-01,451,-22.9,-31.568
growth_mom,2021-06-01,451,-94.445,-94.43
growth_mom,2021-07-01,451,275.098,274.419
growth_mom,2021-08-01,451,135.526,154.504
growth_mom,2021-09-01,451,109.672,111.999
growth_mom,2021-10-01,451,40.187,41.377
growth_mom,2021-11-01,451,-16.129,-16.412
growth_mom,2021-12-01,451,5.213,7.534
growth_mom,2022-01-01,451,-23.49,-21.256
growth_mom,2022-02-01,451,1.157,1.369
growth_mom,2022-03-01,451,59.5,53.943
growth_mom,2022-04-01,451,-16.5,-15.861
growth_mom,2022-05-01,451,-16.7,-17.787
growth_mom,2022-06-01,451,28.6,25.03
growth_mom,2022-07-01,451,-21.2,-22.051
growth_mom,2022-08-01,451,34.1,32.406
growth_mom,2022-09-01,451,-2.7,-1.726
growth_mom,2022-10-01,451,-9.5,-8.782
growth_mom,2022-11-01,451,6.7,6.447
growth_mom,2022-12-01,451,13.8,13.955
growth_mom,2023-01-01,451,-23.37,-23.132
growth_mom,2023-02-01,451,15.24,14.923
growth_mom,2023-03-01,451,16.3,16.649
growth_mom,2023-04-01,451,-33.5,-33.69
growth_mom,2023-05-01,451,30.8,33.134
growth_mom,2023-06-01,451,-4.701,-3.234
growth_mom,2023-07-01,451,3.101,3.091
growth_mom,2023-08-01,451,13.2,10.266
growth_mom,2023-09-01,451,-4.9,-6.065
growth_mom,2023-10-01,451,8.6,8.785
growth_mom,2023-11-01,451,-2.8,-3.012
growth_mom,2023-12-01,451,4.7,4.943
growth_mom,2024-01-01,451,-11.3,-11.424
growth_mom,2024-02-01,451,-4.5,-4.419
growth_mom,2024-03-01,451,12.8,12.945
growth_mom,2024-04-01,451,-13.4,-13.712
growth_mom,2024-05-01,451,14.9,16.814
growth_mom,2024-06-01,451,-17.2,-15.965
growth_mom,2024-07-01,451,21.7,21.904
growth_mom,2024-08-01,451,-1.14,-2.755
growth_mom,2024-09-01,451,-14.32,-15.345
growth_mom,2024-10-01,451,16.41,16.161
growth_mom,2024-11-01,451,-3.29,-3.042
growth_mom,2024-12-01,451,13.42,13.342
growth_mom,2025-01-01,451,-33.8,-33.912
growth_mom,2025-02-01,451,23.746,22.994
growth_mom,2025-03-01,451,14.28,14.202
growth_mom,2025-04-01,451,-13.88,-13.553
growth_mom,2025-05-01,451,14.049,15.502
growth_mom,2025-06-01,451,-19.692,-18.342
growth_mom,2025-07-01,451,23.84,24.102
growth_mom,2025-08-01,451,4.122,2.955
growth_mom,2025-09-01,451,-16.2,-17.545
growth_mom,2025-10-01,451,25.116,25.102
growth_mom,2025-11-01,451,-3.8,-3.632
growth_mom,2025-12-01,451,20.457,20.377
growth_mom,2026-01-01,451,-27.957,-27.901
growth_mom,2026-02-01,451,-18.53,-18.441
abs,2018-01-01,452,1543.446,104.271
abs,2018-02-01,452,1431.144,95.159
abs,2018-03-01,452,1472.647,96.964
abs,2018-04-01,452,1426.673,94.705
abs,2018-05-01,452,1549.395,110.872
abs,2018-06-01,452,1642.436,117.937
abs,2018-07-01,452,1584.757,107.916
abs,2018-08-01,452,1640.426,114.06
abs,2018-09-01,452,1494.428,105.342
abs,2018-10-01,452,1468.822,101.306
abs,2018-11-01,452,1537.829,106.032
abs,2018-12-01,452,1612.464,107.446
abs,2019-01-01,452,1614.384,106.874
abs,2019-02-01,452,1500.877,97.619
abs,2019-03-01,452,1549.754,99.597
abs,2019-04-01,452,1484.486,95.62
abs,2019-05-01,452,1617.564,112.235
abs,2019-06-01,452,1751.179,124.366
abs,2019-07-01,452,1669.688,112.775
abs,2019-08-01,452,1732.29,119.25
abs,2019-09-01,452,1581.814,110.296
abs,2019-10-01,452,1529.962,104.39
abs,2019-11-01,452,1607.235,109.551
abs,2019-12-01,452,1681.8,110.291
abs,2020-01-01,452,1664.43,109.002
abs,2020-02-01,452,1559.683,100.515
abs,2020-03-01,452,1398.447,88.766
abs,2020-04-01,452,94.397,4.625
abs,2020-05-01,452,1026.144,67.608
abs,2020-06-01,452,1483.977,105.268
abs,2020-07-01,452,1566.865,105.447
abs,2020-08-01,452,1692.448,115.043
abs,2020-09-01,452,1535.942,105.81
abs,2020-10-01,452,1464.174,98.693
abs,2020-11-01,452,1454.548,98.238
abs,2020-12-01,452,1627.982,105.855
abs,2021-01-01,452,1506.309,98.048
abs,2021-02-01,452,1461.423,93.652
abs,2021-03-01,452,1499.42,96.208
abs,2021-04-01,452,1461.934,90.789
abs,2021-05-01,452,1435.62,88.706
abs,2021-06-01,452,154.334,10.008
abs,2021-07-01,452,177.056,11.388
abs,2021-08-01,452,869.918,56.633
abs,2021-09-01,452,1147.348,73.611
abs,2021-10-01,452,1289.937,84.373
abs,2021-11-01,452,1512.73,98.162
abs,2021-12-01,452,1697.985,105.884
abs,2022-01-01,452,1910.233,113.456
abs,2022-02-01,452,1860.567,110.096
abs,2022-03-01,452,1903.36,111.827
abs,2022-04-01,452,1956.654,113.193
abs,2022-05-01,452,1972.308,113.618
abs,2022-06-01,452,2023.588,116.93
abs,2022-07-01,452,2057.989,118.486
abs,2022-08-01,452,2037.409,116.59
abs,2022-09-01,452,2067.97,117.242
abs,2022-10-01,452,2094.853,118.039
abs,2022-11-01,452,2126.276,119.321
abs,2022-12-01,452,2221.959,124.984
abs,2023-01-01,452,2230.847,124.266
abs,2023-02-01,452,2255.386,125.264
abs,2023-03-01,452,2300.494,127.239
abs,2023-04-01,452,2358.006,128.921
abs,2023-05-01,452,2374.512,129.563
abs,2023-06-01,452,2428.745,132.828
abs,2023-07-01,452,2433.984,132.532
abs,2023-08-01,452,2477.796,134.217
abs,2023-09-01,452,2453.018,132.396
abs,2023-10-01,452,2465.283,132.655
abs,2023-11-01,452,2472.679,132.996
abs,2023-12-01,452,2494.933,133.978
abs,2024-01-01,452,2507.407,134.002
abs,2024-02-01,452,2572.6,136.39
abs,2024-03-01,452,2631.77,138.436
abs,2024-04-01,452,2665.983,138.977
abs,2024-05-01,452,2679.313,138.575
abs,2024-06-01,452,2671.275,138.087
abs,2024-07-01,452,2689.974,138.579
abs,2024-08-01,452,2700.734,139.014
abs,2024-09-01,452,2665.624,136.721
abs,2024-10-01,452,2694.946,138.289
abs,2024-11-01,452,2627.572,135.403
abs,2024-12-01,452,2690.634,137.029
abs,2025-01-01,452,2635.745,133.024
abs,2025-02-01,452,2588.302,129.563
abs,2025-03-01,452,2689.763,133.962
abs,2025-04-01,452,2685.191,133.291
abs,2025-05-01,452,2748.558,135.98
abs,2025-06-01,452,2799.21,138.161
abs,2025-07-01,452,2857.714,140.888
abs,2025-08-01,452,2842.062,139.896
abs,2025-09-01,452,2922.535,143.875
abs,2025-10-01,452,2940.703,144.814
abs,2025-11-01,452,2856.463,140.76
abs,2025-12-01,452,2952.966,144.885
abs,2026-01-01,452,2879.779,140.812
abs,2026-02-01,452,2833.654,138.08
growth_yoy,2019-01-01,452,4.596,2.496
growth_yoy,2019-02-01,452,4.873,2.586
growth_yoy,2019-03-01,452,5.236,2.715
growth_yoy,2019-04-01,452,4.052,0.966
growth_yoy,2019-05-01,452,4.4,1.229
growth_yoy,2019-06-01,452,6.621,5.451
growth_yoy,2019-07-01,452,5.359,4.503
growth_yoy,2019-08-01,452,5.6,4.551
growth_yoy,2019-09-01,452,5.847,4.703
growth_yoy,2019-10-01,452,4.163,3.045
growth_yoy,2019-11-01,452,4.513,3.319
growth_yoy,2019-12-01,452,4.3,2.648
growth_yoy,2020-01-01,452,3.1,1.991
growth_yoy,2020-02-01,452,3.918,2.967
growth_yoy,2020-03-01,452,-9.763,-10.874
growth_yoy,2020-04-01,452,-93.641,-95.163
growth_yoy,2020-05-01,452,-36.562,-39.762
growth_yoy,2020-06-01,452,-15.258,-15.356
growth_yoy,2020-07-01,452,-6.158,-6.498
growth_yoy,2020-08-01,452,-2.3,-3.528
growth_yoy,2020-09-01,452,-2.9,-4.067
growth_yoy,2020-10-01,452,-4.3,-5.458
growth_yoy,2020-11-01,452,-9.5,-10.327
growth_yoy,2020-12-01,452,-3.2,-4.022
growth_yoy,2021-01-01,452,-9.5,-10.049
growth_yoy,2021-02-01,452,-6.3,-6.829
growth_yoy,2021-03-01,452,7.22,8.384
growth_yoy,2021-04-01,452,1448.712,1862.883
growth_yoy,2021-05-01,452,39.904,31.207
growth_yoy,2021-06-01,452,-89.6,-90.493
growth_yoy,2021-07-01,452,-88.7,-89.2
growth_yoy,2021-08-01,452,-48.6,-50.772
growth_yoy,2021-09-01,452,-25.3,-30.431
growth_yoy,2021-10-01,452,-11.9,-14.509
growth_yoy,2021-11-01,452,4.0,-0.077
growth_yoy,2021-12-01,452,4.3,0.027
growth_yoy,2022-01-01,452,26.816,15.715
growth_yoy,2022-02-01,452,27.312,17.559
growth_yoy,2022-03-01,452,26.94,16.234
growth_yoy,2022-04-01,452,33.84,24.676
growth_yoy,2022-05-01,452,37.384,28.083
growth_yoy,2022-06-01,452,1211.177,1068.411
growth_yoy,2022-07-01,452,1062.339,940.422
growth_yoy,2022-08-01,452,134.207,105.869
growth_yoy,2022-09-01,452,80.239,59.272
growth_yoy,2022-10-01,452,62.4,39.901
growth_yoy,2022-11-01,452,40.559,21.555
growth_yoy,2022-12-01,452,30.859,18.039
growth_yoy,2023-01-01,452,16.784,9.528
growth_yoy,2023-02-01,452,21.22,13.776
growth_yoy,2023-03-01,452,20.865,13.782
growth_yoy,2023-04-01,452,20.512,13.895
growth_yoy,2023-05-01,452,20.393,14.034
growth_yoy,2023-06-01,452,20.022,13.597
growth_yoy,2023-07-01,452,18.27,11.855
growth_yoy,2023-08-01,452,21.615,15.119
growth_yoy,2023-09-01,452,18.62,12.926
growth_yoy,2023-10-01,452,17.683,12.382
growth_yoy,2023-11-01,452,16.292,11.46
growth_yoy,2023-12-01,452,12.285,7.196
growth_yoy,2024-01-01,452,12.397,7.835
growth_yoy,2024-02-01,452,14.065,8.883
growth_yoy,2024-03-01,452,14.4,8.8
growth_yoy,2024-04-01,452,13.061,7.8
growth_yoy,2024-05-01,452,12.836,6.955
growth_yoy,2024-06-01,452,9.986,3.959
growth_yoy,2024-07-01,452,10.517,4.563
growth_yoy,2024-08-01,452,8.997,3.574
growth_yoy,2024-09-01,452,8.667,3.266
growth_yoy,2024-10-01,452,9.316,4.247
growth_yoy,2024-11-01,452,6.264,1.81
growth_yoy,2024-12-01,452,7.844,2.278
growth_yoy,2025-01-01,452,5.118,-0.73
growth_yoy,2025-02-01,452,0.61,-5.005
growth_yoy,2025-03-01,452,2.204,-3.231
growth_yoy,2025-04-01,452,0.72,-4.092
growth_yoy,2025-05-01,452,2.584,-1.873
growth_yoy,2025-06-01,452,4.789,0.054
growth_yoy,2025-07-01,452,6.236,1.666
growth_yoy,2025-08-01,452,5.233,0.635
growth_yoy,2025-09-01,452,9.638,5.232
growth_yoy,2025-10-01,452,9.119,4.718
growth_yoy,2025-11-01,452,8.711,3.957
growth_yoy,2025-12-01,452,9.75,5.733
growth_yoy,2026-01-01,452,9.259,5.855
growth_yoy,2026-02-01,452,9.479,6.574
growth_mom,2018-02-01,452,-7.276,-8.739
growth_mom,2018-03-01,452,2.9,1.897
growth_mom,2018-04-01,452,-3.122,-2.33
growth_mom,2018-05-01,452,8.602,17.07
growth_mom,2018-06-01,452,6.005,6.373
growth_mom,2018-07-01,452,-3.512,-8.498
growth_mom,2018-08-01,452,3.513,5.693
growth_mom,2018-09-01,452,-8.9,-7.643
growth_mom,2018-10-01,452,-1.713,-3.831
growth_mom,2018-11-01,452,4.698,4.665
growth_mom,2018-12-01,452,4.853,1.333
growth_mom,2019-01-01,452,0.119,-0.532
growth_mom,2019-02-01,452,-7.031,-8.659
growth_mom,2019-03-01,452,3.257,2.025
growth_mom,2019-04-01,452,-4.211,-3.992
growth_mom,2019-05-01,452,8.965,17.375
growth_mom,2019-06-01,452,8.26,10.809
growth_mom,2019-07-01,452,-4.653,-9.32
growth_mom,2019-08-01,452,3.749,5.742
growth_mom,2019-09-01,452,-8.687,-7.509
growth_mom,2019-10-01,452,-3.278,-5.355
growth_mom,2019-11-01,452,5.051,4.944
growth_mom,2019-12-01,452,4.639,0.675
growth_mom,2020-01-01,452,-1.033,-1.168
growth_mom,2020-02-01,452,-6.293,-7.786
growth_mom,2020-03-01,452,-10.338,-11.689
growth_mom,2020-04-01,452,-93.25,-94.789
growth_mom,2020-05-01,452,987.054,1361.697
growth_mom,2020-06-01,452,44.617,55.704
growth_mom,2020-07-01,452,5.586,0.17
growth_mom,2020-08-01,452,8.015,9.1
growth_mom,2020-09-01,452,-9.247,-8.026
growth_mom,2020-10-01,452,-4.673,-6.727
growth_mom,2020-11-01,452,-0.657,-0.461
growth_mom,2020-12-01,452,11.924,7.754
growth_mom,2021-01-01,452,-7.474,-7.376
growth_mom,2021-02-01,452,-2.98,-4.484
growth_mom,2021-03-01,452,2.6,2.73
growth_mom,2021-04-01,452,-2.5,-5.633
growth_mom,2021-05-01,452,-1.8,-2.294
growth_mom,2021-06-01,452,-89.25,-88.718
growth_mom,2021-07-01,452,14.723,13.796
growth_mom,2021-08-01,452,391.324,397.295
growth_mom,2021-09-01,452,31.892,29.979
growth_mom,2021-10-01,452,12.428,14.62
growth_mom,2021-11-01,452,17.272,16.343
growth_mom,2021-12-01,452,12.246,7.867
growth_mom,2022-01-01,452,12.5,7.151
growth_mom,2022-02-01,452,-2.6,-2.961
growth_mom,2022-03-01,452,2.3,1.572
growth_mom,2022-04-01,452,2.8,1.222
growth_mom,2022-05-01,452,0.8,0.376
growth_mom,2022-06-01,452,2.6,2.915
growth_mom,2022-07-01,452,1.7,1.331
growth_mom,2022-08-01,452,-1.0,-1.6
growth_mom,2022-09-01,452,1.5,0.559
growth_mom,2022-10-01,452,1.3,0.68
growth_mom,2022-11-01,452,1.5,1.086
growth_mom,2022-12-01,452,4.5,4.746
growth_mom,2023-01-01,452,0.4,-0.575
growth_mom,2023-02-01,452,1.1,0.803
growth_mom,2023-03-01,452,2.0,1.577
growth_mom,2023-04-01,452,2.5,1.322
growth_mom,2023-05-01,452,0.7,0.498
growth_mom,2023-06-01,452,2.284,2.52
growth_mom,2023-07-01,452,0.216,-0.223
growth_mom,2023-08-01,452,1.8,1.271
growth_mom,2023-09-01,452,-1.0,-1.356
growth_mom,2023-10-01,452,0.5,0.195
growth_mom,2023-11-01,452,0.3,0.257
growth_mom,2023-12-01,452,0.9,0.739
growth_mom,2024-01-01,452,0.5,0.018
growth_mom,2024-02-01,452,2.6,1.782
growth_mom,2024-03-01,452,2.3,1.5
growth_mom,2024-04-01,452,1.3,0.391
growth_mom,2024-05-01,452,0.5,-0.29
growth_mom,2024-06-01,452,-0.3,-0.353
growth_mom,2024-07-01,452,0.7,0.357
growth_mom,2024-08-01,452,0.4,0.313
growth_mom,2024-09-01,452,-1.3,-1.649
growth_mom,2024-10-01,452,1.1,1.147
growth_mom,2024-11-01,452,-2.5,-2.087
growth_mom,2024-12-01,452,2.4,1.201
growth_mom,2025-01-01,452,-2.04,-2.923
growth_mom,2025-02-01,452,-1.8,-2.601
growth_mom,2025-03-01,452,3.92,3.395
growth_mom,2025-04-01,452,-0.17,-0.501
growth_mom,2025-05-01,452,2.36,2.017
growth_mom,2025-06-01,452,1.843,1.604
growth_mom,2025-07-01,452,2.09,1.974
growth_mom,2025-08-01,452,-0.548,-0.704
growth_mom,2025-09-01,452,2.832,2.844
growth_mom,2025-10-01,452,0.622,0.652
growth_mom,2025-11-01,452,-2.865,-2.799
growth_mom,2025-12-01,452,3.378,2.93
growth_mom,2026-01-01,452,-2.478,-2.811
growth_mom,2026-02-01,452,-1.602,-1.94
abs,2018-01-01,453,3059.743,115.219
abs,2018-02-01,453,2652.797,103.897
abs,2018-03-01,453,2914.173,103.753
abs,2018-04-01,453,2867.994,103.53
abs,2018-05-01,453,3040.529,108.271
abs,2018-06-01,453,3078.751,109.454
abs,2018-07-01,453,3099.403,117.139
abs,2018-08-01,453,3111.09,113.608
abs,2018-09-01,453,3094.913,111.114
abs,2018-10-01,453,3101.103,113.61
abs,2018-11-01,453,3103.392,113.891
abs,2018-12-01,453,3114.699,114.775
abs,2019-01-01,453,3176.917,122.083
abs,2019-02-01,453,2777.479,111.223
abs,2019-03-01,453,3045.311,110.967
abs,2019-04-01,453,2977.206,110.467
abs,2019-05-01,453,3163.395,116.196
abs,2019-06-01,453,3254.689,117.876
abs,2019-07-01,453,3220.074,124.086
abs,2019-08-01,453,3210.645,117.894
abs,2019-09-01,453,3201.378,115.749
abs,2019-10-01,453,3204.58,117.534
abs,2019-11-01,453,3226.478,119.262
abs,2019-12-01,453,3245.517,120.365
abs,2020-01-01,453,3239.026,124.325
abs,2020-02-01,453,2874.691,115.021
abs,2020-03-01,453,2774.278,101.423
abs,2020-04-01,453,255.874,9.689
abs,2020-05-01,453,1830.197,64.537
abs,2020-06-01,453,2922.711,106.724
abs,2020-07-01,453,3083.86,120.233
abs,2020-08-01,453,3127.168,114.696
abs,2020-09-01,453,3102.136,111.786
abs,2020-10-01,453,3060.374,111.348
abs,2020-11-01,453,2978.04,109.446
abs,2020-12-01,453,3161.133,117.04
abs,2021-01-01,453,2937.796,111.342
abs,2021-02-01,453,2756.828,109.103
abs,2021-03-01,453,2969.104,110.251
abs,2021-04-01,453,2900.815,105.056
abs,2021-05-01,453,2849.18,102.1
abs,2021-06-01,453,344.88,12.467
abs,2021-07-01,453,388.566,14.118
abs,2021-08-01,453,1651.145,59.339
abs,2021-09-01,453,2382.44,81.218
abs,2021-10-01,453,2683.948,96.069
abs,2021-11-01,453,3064.403,110.816
abs,2021-12-01,453,3321.812,120.505
abs,2022-01-01,453,3657.316,133.476
abs,2022-02-01,453,3500.051,127.547
abs,2022-03-01,453,3636.553,130.774
abs,2022-04-01,453,3803.834,134.268
abs,2022-05-01,453,3826.657,134.989
abs,2022-06-01,453,3884.057,137.143
abs,2022-07-01,453,3930.666,139.048
abs,2022-08-01,453,3883.498,135.768
abs,2022-09-01,453,3949.517,136.91
abs,2022-10-01,453,4004.811,137.821
abs,2022-11-01,453,4068.888,139.902
abs,2022-12-01,453,4227.574,145.127
abs,2023-01-01,453,4238.989,144.639
abs,2023-02-01,453,4289.857,146.483
abs,2023-03-01,453,4371.364,149.274
abs,2023-04-01,453,4467.534,152.279
abs,2023-05-01,453,4503.274,153.715
abs,2023-06-01,453,4594.375,156.62
abs,2023-07-01,453,4611.889,156.904
abs,2023-08-01,453,4685.679,159.326
abs,2023-09-01,453,4629.451,156.963
abs,2023-10-01,453,4647.968,157.589
abs,2023-11-01,453,4657.264,157.627
abs,2023-12-01,453,4689.865,158.955
abs,2024-01-01,453,4741.454,160.768
abs,2024-02-01,453,4878.956,164.642
abs,2024-03-01,453,4976.535,168.103
abs,2024-04-01,453,4996.441,168.268
abs,2024-05-01,453,5041.409,169.972
abs,2024-06-01,453,5016.202,169.336
abs,2024-07-01,453,5056.332,170.269
abs,2024-08-01,453,5086.67,171.021
abs,2024-09-01,453,5025.07,168.229
abs,2024-10-01,453,5105.471,171.143
abs,2024-11-01,453,5059.522,169.354
abs,2024-12-01,453,5213.332,174.848
abs,2025-01-01,453,5119.492,171.679
abs,2025-02-01,453,5011.982,168.097
abs,2025-03-01,453,5181.387,173.649
abs,2025-04-01,453,5120.765,171.3
abs,2025-05-01,453,5145.499,172.062
abs,2025-06-01,453,5164.257,172.651
abs,2025-07-01,453,5202.68,173.516
abs,2025-08-01,453,5190.817,172.901
abs,2025-09-01,453,5359.742,178.011
abs,2025-10-01,453,5424.529,180.152
abs,2025-11-01,453,5358.521,178.003
abs,2025-12-01,453,5557.404,184.841
abs,2026-01-01,453,5434.501,181.066
abs,2026-02-01,453,5344.373,177.843
growth_yoy,2019-01-01,453,3.83,5.958
growth_yoy,2019-02-01,453,4.7,7.05
growth_yoy,2019-03-01,453,4.5,6.953
growth_yoy,2019-04-01,453,3.808,6.701
growth_yoy,2019-05-01,453,4.041,7.319
growth_yoy,2019-06-01,453,5.715,7.695
growth_yoy,2019-07-01,453,3.893,5.931
growth_yoy,2019-08-01,453,3.2,3.772
growth_yoy,2019-09-01,453,3.44,4.171
growth_yoy,2019-10-01,453,3.337,3.455
growth_yoy,2019-11-01,453,3.966,4.716
growth_yoy,2019-12-01,453,4.2,4.87
growth_yoy,2020-01-01,453,1.955,1.836
growth_yoy,2020-02-01,453,3.5,3.415
growth_yoy,2020-03-01,453,-8.9,-8.601
growth_yoy,2020-04-01,453,-91.406,-91.229
growth_yoy,2020-05-01,453,-42.145,-44.458
growth_yoy,2020-06-01,453,-10.2,-9.461
growth_yoy,2020-07-01,453,-4.23,-3.105
growth_yoy,2020-08-01,453,-2.6,-2.713
growth_yoy,2020-09-01,453,-3.1,-3.424
growth_yoy,2020-10-01,453,-4.5,-5.264
growth_yoy,2020-11-01,453,-7.7,-8.231
growth_yoy,2020-12-01,453,-2.6,-2.763
growth_yoy,2021-01-01,453,-9.3,-10.442
growth_yoy,2021-02-01,453,-4.1,-5.145
growth_yoy,2021-03-01,453,7.023,8.704
growth_yoy,2021-04-01,453,1033.687,984.244
growth_yoy,2021-05-01,453,55.676,58.204
growth_yoy,2021-06-01,453,-88.2,-88.319
growth_yoy,2021-07-01,453,-87.4,-88.258
growth_yoy,2021-08-01,453,-47.2,-48.264
growth_yoy,2021-09-01,453,-23.2,-27.345
growth_yoy,2021-10-01,453,-12.3,-13.722
growth_yoy,2021-11-01,453,2.9,1.251
growth_yoy,2021-12-01,453,5.083,2.961
growth_yoy,2022-01-01,453,24.492,19.879
growth_yoy,2022-02-01,453,26.959,16.905
growth_yoy,2022-03-01,453,22.48,18.614
growth_yoy,2022-04-01,453,31.13,27.806
growth_yoy,2022-05-01,453,34.307,32.213
growth_yoy,2022-06-01,453,1026.206,1000.092
growth_yoy,2022-07-01,453,911.582,884.878
growth_yoy,2022-08-01,453,135.2,128.799
growth_yoy,2022-09-01,453,65.776,68.571
growth_yoy,2022-10-01,453,49.213,43.46
growth_yoy,2022-11-01,453,32.779,26.247
growth_yoy,2022-12-01,453,27.267,20.432
growth_yoy,2023-01-01,453,15.904,8.363
growth_yoy,2023-02-01,453,22.566,14.846
growth_yoy,2023-03-01,453,20.206,14.146
growth_yoy,2023-04-01,453,17.448,13.414
growth_yoy,2023-05-01,453,17.682,13.872
growth_yoy,2023-06-01,453,18.288,14.202
growth_yoy,2023-07-01,453,17.331,12.842
growth_yoy,2023-08-01,453,20.656,17.352
growth_yoy,2023-09-01,453,17.216,14.646
growth_yoy,2023-10-01,453,16.06,14.343
growth_yoy,2023-11-01,453,14.46,12.67
growth_yoy,2023-12-01,453,10.935,9.528
growth_yoy,2024-01-01,453,11.853,11.151
growth_yoy,2024-02-01,453,13.732,12.397
growth_yoy,2024-03-01,453,13.844,12.614
growth_yoy,2024-04-01,453,11.839,10.5
growth_yoy,2024-05-01,453,11.95,10.576
growth_yoy,2024-06-01,453,9.181,8.119
growth_yoy,2024-07-01,453,9.637,8.518
growth_yoy,2024-08-01,453,8.558,7.34
growth_yoy,2024-09-01,453,8.546,7.178
growth_yoy,2024-10-01,453,9.843,8.601
growth_yoy,2024-11-01,453,8.637,7.44
growth_yoy,2024-12-01,453,11.162,9.999
growth_yoy,2025-01-01,453,7.973,6.787
growth_yoy,2025-02-01,453,2.727,2.099
growth_yoy,2025-03-01,453,4.116,3.299
growth_yoy,2025-04-01,453,2.488,1.802
growth_yoy,2025-05-01,453,2.065,1.229
growth_yoy,2025-06-01,453,2.952,1.958
growth_yoy,2025-07-01,453,2.894,1.907
growth_yoy,2025-08-01,453,2.047,1.099
growth_yoy,2025-09-01,453,6.66,5.814
growth_yoy,2025-10-01,453,6.249,5.264
growth_yoy,2025-11-01,453,5.91,5.107
growth_yoy,2025-12-01,453,6.6,5.715
growth_yoy,2026-01-01,453,6.153,5.468
growth_yoy,2026-02-01,453,6.632,5.798
growth_mom,2018-02-01,453,-13.3,-9.826
growth_mom,2018-03-01,453,9.853,-0.139
growth_mom,2018-04-01,453,-1.585,-0.216
growth_mom,2018-05-01,453,6.016,4.58
growth_mom,2018-06-01,453,1.257,1.092
growth_mom,2018-07-01,453,0.671,7.021
growth_mom,2018-08-01,453,0.377,-3.014
growth_mom,2018-09-01,453,-0.52,-2.196
growth_mom,2018-10-01,453,0.2,2.246
growth_mom,2018-11-01,453,0.074,0.248
growth_mom,2018-12-01,453,0.364,0.777
growth_mom,2019-01-01,453,1.998,6.367
growth_mom,2019-02-01,453,-12.573,-8.896
growth_mom,2019-03-01,453,9.643,-0.23
growth_mom,2019-04-01,453,-2.236,-0.451
growth_mom,2019-05-01,453,6.254,5.186
growth_mom,2019-06-01,453,2.886,1.446
growth_mom,2019-07-01,453,-1.064,5.268
growth_mom,2019-08-01,453,-0.293,-4.99
growth_mom,2019-09-01,453,-0.289,-1.819
growth_mom,2019-10-01,453,0.1,1.542
growth_mom,2019-11-01,453,0.683,1.47
growth_mom,2019-12-01,453,0.59,0.925
growth_mom,2020-01-01,453,-0.2,3.289
growth_mom,2020-02-01,453,-11.248,-7.484
growth_mom,2020-03-01,453,-3.493,-11.822
growth_mom,2020-04-01,453,-90.777,-90.447
growth_mom,2020-05-01,453,615.271,566.059
growth_mom,2020-06-01,453,59.694,65.369
growth_mom,2020-07-01,453,5.514,12.657
growth_mom,2020-08-01,453,1.404,-4.605
growth_mom,2020-09-01,453,-0.8,-2.537
growth_mom,2020-10-01,453,-1.346,-0.392
growth_mom,2020-11-01,453,-2.69,-1.708
growth_mom,2020-12-01,453,6.148,6.939
growth_mom,2021-01-01,453,-7.065,-4.868
growth_mom,2021-02-01,453,-6.16,-2.011
growth_mom,2021-03-01,453,7.7,1.053
growth_mom,2021-04-01,453,-2.3,-4.712
growth_mom,2021-05-01,453,-1.78,-2.814
growth_mom,2021-06-01,453,-87.895,-87.79
growth_mom,2021-07-01,453,12.667,13.249
growth_mom,2021-08-01,453,324.932,320.302
growth_mom,2021-09-01,453,44.29,36.871
growth_mom,2021-10-01,453,12.655,18.285
growth_mom,2021-11-01,453,14.175,15.35
growth_mom,2021-12-01,453,8.4,8.744
growth_mom,2022-01-01,453,10.1,10.764
growth_mom,2022-02-01,453,-4.3,-4.442
growth_mom,2022-03-01,453,3.9,2.53
growth_mom,2022-04-01,453,4.6,2.672
growth_mom,2022-05-01,453,0.6,0.537
growth_mom,2022-06-01,453,1.5,1.596
growth_mom,2022-07-01,453,1.2,1.389
growth_mom,2022-08-01,453,-1.2,-2.359
growth_mom,2022-09-01,453,1.7,0.842
growth_mom,2022-10-01,453,1.4,0.665
growth_mom,2022-11-01,453,1.6,1.51
growth_mom,2022-12-01,453,3.9,3.735
growth_mom,2023-01-01,453,0.27,-0.336
growth_mom,2023-02-01,453,1.2,1.275
growth_mom,2023-03-01,453,1.9,1.906
growth_mom,2023-04-01,453,2.2,2.013
growth_mom,2023-05-01,453,0.8,0.943
growth_mom,2023-06-01,453,2.023,1.89
growth_mom,2023-07-01,453,0.381,0.182
growth_mom,2023-08-01,453,1.6,1.543
growth_mom,2023-09-01,453,-1.2,-1.483
growth_mom,2023-10-01,453,0.4,0.399
growth_mom,2023-11-01,453,0.2,0.024
growth_mom,2023-12-01,453,0.7,0.843
growth_mom,2024-01-01,453,1.1,1.141
growth_mom,2024-02-01,453,2.9,2.41
growth_mom,2024-03-01,453,2.0,2.102
growth_mom,2024-04-01,453,0.4,0.098
growth_mom,2024-05-01,453,0.9,1.013
growth_mom,2024-06-01,453,-0.5,-0.374
growth_mom,2024-07-01,453,0.8,0.551
growth_mom,2024-08-01,453,0.6,0.442
growth_mom,2024-09-01,453,-1.211,-1.633
growth_mom,2024-10-01,453,1.6,1.732
growth_mom,2024-11-01,453,-0.9,-1.045
growth_mom,2024-12-01,453,3.04,3.244
growth_mom,2025-01-01,453,-1.8,-1.812
growth_mom,2025-02-01,453,-2.1,-2.087
growth_mom,2025-03-01,453,3.38,3.303
growth_mom,2025-04-01,453,-1.17,-1.352
growth_mom,2025-05-01,453,0.483,0.444
growth_mom,2025-06-01,453,0.365,0.342
growth_mom,2025-07-01,453,0.744,0.501
growth_mom,2025-08-01,453,-0.228,-0.354
growth_mom,2025-09-01,453,3.254,2.955
growth_mom,2025-10-01,453,1.209,1.203
growth_mom,2025-11-01,453,-1.217,-1.193
growth_mom,2025-12-01,453,3.712,3.842
growth_mom,2026-01-01,453,-2.212,-2.042
growth_mom,2026-02-01,453,-1.658,-1.78
abs,2018-01-01,454,872.839,89.391
abs,2018-02-01,454,836.949,88.397
abs,2018-03-01,454,1002.665,98.722
abs,2018-04-01,454,958.547,99.367
abs,2018-05-01,454,985.524,105.743
abs,2018-06-01,454,951.238,100.86
abs,2018-07-01,454,1048.128,109.8
abs,2018-08-01,454,982.061,105.869
abs,2018-09-01,454,969.943,105.355
abs,2018-10-01,454,1013.78,112.545
abs,2018-11-01,454,985.419,110.276
abs,2018-12-01,454,971.11,99.26
abs,2019-01-01,454,932.192,97.189
abs,2019-02-01,454,903.263,96.984
abs,2019-03-01,454,1034.75,104.204
abs,2019-04-01,454,999.698,105.03
abs,2019-05-01,454,1030.133,112.988
abs,2019-06-01,454,978.046,105.088
abs,2019-07-01,454,1080.899,114.694
abs,2019-08-01,454,1010.541,106.946
abs,2019-09-01,454,1004.906,107.644
abs,2019-10-01,454,1048.249,114.812
abs,2019-11-01,454,1021.88,112.966
abs,2019-12-01,454,1017.509,103.338
abs,2020-01-01,454,960.158,99.259
abs,2020-02-01,454,947.523,101.516
abs,2020-03-01,454,923.739,92.483
abs,2020-04-01,454,51.181,3.823
abs,2020-05-01,454,770.539,79.265
abs,2020-06-01,454,991.255,106.48
abs,2020-07-01,454,1111.303,117.665
abs,2020-08-01,454,1034.794,109.127
abs,2020-09-01,454,1098.951,115.792
abs,2020-10-01,454,1097.517,116.302
abs,2020-11-01,454,1086.258,118.164
abs,2020-12-01,454,1087.345,114.726
abs,2021-01-01,454,1030.25,105.736
abs,2021-02-01,454,938.332,100.861
abs,2021-03-01,454,1603.61,161.553
abs,2021-04-01,454,1305.339,125.738
abs,2021-05-01,454,1014.248,98.062
abs,2021-06-01,454,76.327,4.181
abs,2021-07-01,454,145.402,8.032
abs,2021-08-01,454,217.376,12.789
abs,2021-09-01,454,787.12,78.348
abs,2021-10-01,454,1110.687,115.615
abs,2021-11-01,454,1188.367,123.282
abs,2021-12-01,454,1542.603,154.28
abs,2022-01-01,454,934.817,98.286
abs,2022-02-01,454,892.751,93.907
abs,2022-03-01,454,1248.065,124.06
abs,2022-04-01,454,1380.36,130.692
abs,2022-05-01,454,1249.226,118.411
abs,2022-06-01,454,1369.152,125.161
abs,2022-07-01,454,1152.826,102.452
abs,2022-08-01,454,1241.593,106.063
abs,2022-09-01,454,1206.829,103.964
abs,2022-10-01,454,1087.353,96.611
abs,2022-11-01,454,1054.732,91.505
abs,2022-12-01,454,1083.21,93.68
abs,2023-01-01,454,1047.464,91.121
abs,2023-02-01,454,1110.312,97.242
abs,2023-03-01,454,1287.962,113.494
abs,2023-04-01,454,968.547,84.338
abs,2023-05-01,454,1186.47,102.759
abs,2023-06-01,454,1141.636,98.568
abs,2023-07-01,454,1096.821,94.768
abs,2023-08-01,454,1023.334,88.169
abs,2023-09-01,454,935.327,80.153
abs,2023-10-01,454,1000.8,85.915
abs,2023-11-01,454,968.774,82.981
abs,2023-12-01,454,934.867,80.075
abs,2024-01-01,454,1104.078,94.153
abs,2024-02-01,454,1074.268,91.235
abs,2024-03-01,454,1226.814,104.79
abs,2024-04-01,454,966.73,82.257
abs,2024-05-01,454,1133.007,96.447
abs,2024-06-01,454,1101.283,93.434
abs,2024-07-01,454,1237.842,104.42
abs,2024-08-01,454,1189.566,99.916
abs,2024-09-01,454,1127.709,94.57
abs,2024-10-01,454,1207.776,101.003
abs,2024-11-01,454,1101.25,92.235
abs,2024-12-01,454,1126.248,94.384
abs,2025-01-01,454,1090.884,91.541
abs,2025-02-01,454,1162.228,97.162
abs,2025-03-01,454,1242.189,103.896
abs,2025-04-01,454,1096.108,91.575
abs,2025-05-01,454,1226.062,102.576
abs,2025-06-01,454,1179.159,98.421
abs,2025-07-01,454,1331.034,110.608
abs,2025-08-01,454,1282.718,105.959
abs,2025-09-01,454,1124.726,92.766
abs,2025-10-01,454,1244.871,102.647
abs,2025-11-01,454,1183.331,97.617
abs,2025-12-01,454,1249.352,103.077
abs,2026-01-01,454,1447.739,119.61
abs,2026-02-01,454,1170.868,96.665
growth_yoy,2019-01-01,454,6.8,8.723
growth_yoy,2019-02-01,454,7.923,9.714
growth_yoy,2019-03-01,454,3.2,5.553
growth_yoy,2019-04-01,454,4.293,5.7
growth_yoy,2019-05-01,454,4.526,6.852
growth_yoy,2019-06-01,454,2.818,4.193
growth_yoy,2019-07-01,454,3.127,4.457
growth_yoy,2019-08-01,454,2.9,1.018
growth_yoy,2019-09-01,454,3.605,2.173
growth_yoy,2019-10-01,454,3.4,2.014
growth_yoy,2019-11-01,454,3.7,2.439
growth_yoy,2019-12-01,454,4.778,4.108
growth_yoy,2020-01-01,454,3.0,2.13
growth_yoy,2020-02-01,454,4.9,4.673
growth_yoy,2020-03-01,454,-10.728,-11.248
growth_yoy,2020-04-01,454,-94.88,-96.36
growth_yoy,2020-05-01,454,-25.2,-29.847
growth_yoy,2020-06-01,454,1.351,1.325
growth_yoy,2020-07-01,454,2.813,2.591
growth_yoy,2020-08-01,454,2.4,2.039
growth_yoy,2020-09-01,454,9.359,7.569
growth_yoy,2020-10-01,454,4.7,1.298
growth_yoy,2020-11-01,454,6.3,4.602
growth_yoy,2020-12-01,454,6.863,11.02
growth_yoy,2021-01-01,454,7.3,6.525
growth_yoy,2021-02-01,454,-0.97,-0.645
growth_yoy,2021-03-01,454,73.6,74.683
growth_yoy,2021-04-01,454,2450.441,3188.615
growth_yoy,2021-05-01,454,31.628,23.714
growth_yoy,2021-06-01,454,-92.3,-96.073
growth_yoy,2021-07-01,454,-86.916,-93.174
growth_yoy,2021-08-01,454,-78.993,-88.28
growth_yoy,2021-09-01,454,-28.375,-32.338
growth_yoy,2021-10-01,454,1.2,-0.591
growth_yoy,2021-11-01,454,9.4,4.331
growth_yoy,2021-12-01,454,41.869,34.477
growth_yoy,2022-01-01,454,-9.263,-7.046
growth_yoy,2022-02-01,454,-4.858,-6.895
growth_yoy,2022-03-01,454,-22.172,-23.208
growth_yoy,2022-04-01,454,5.747,3.94
growth_yoy,2022-05-01,454,23.168,20.751
growth_yoy,2022-06-01,454,1693.806,2893.423
growth_yoy,2022-07-01,454,692.853,1175.531
growth_yoy,2022-08-01,454,471.172,729.308
growth_yoy,2022-09-01,454,53.322,32.696
growth_yoy,2022-10-01,454,-2.101,-16.437
growth_yoy,2022-11-01,454,-11.245,-25.776
growth_yoy,2022-12-01,454,-29.78,-39.279
growth_yoy,2023-01-01,454,12.05,-7.29
growth_yoy,2023-02-01,454,24.37,3.551
growth_yoy,2023-03-01,454,3.197,-8.517
growth_yoy,2023-04-01,454,-29.834,-35.468
growth_yoy,2023-05-01,454,-5.024,-13.219
growth_yoy,2023-06-01,454,-16.617,-21.247
growth_yoy,2023-07-01,454,-4.858,-7.5
growth_yoy,2023-08-01,454,-17.579,-16.871
growth_yoy,2023-09-01,454,-22.497,-22.903
growth_yoy,2023-10-01,454,-7.96,-11.071
growth_yoy,2023-11-01,454,-8.15,-9.315
growth_yoy,2023-12-01,454,-13.695,-14.524
growth_yoy,2024-01-01,454,5.405,3.328
growth_yoy,2024-02-01,454,-3.246,-6.178
growth_yoy,2024-03-01,454,-4.748,-7.669
growth_yoy,2024-04-01,454,-0.188,-2.468
growth_yoy,2024-05-01,454,-4.506,-6.142
growth_yoy,2024-06-01,454,-3.535,-5.208
growth_yoy,2024-07-01,454,12.857,10.185
growth_yoy,2024-08-01,454,16.244,13.323
growth_yoy,2024-09-01,454,20.568,17.987
growth_yoy,2024-10-01,454,20.681,17.562
growth_yoy,2024-11-01,454,13.675,11.152
growth_yoy,2024-12-01,454,20.471,17.87
growth_yoy,2025-01-01,454,-1.195,-2.774
growth_yoy,2025-02-01,454,8.188,6.496
growth_yoy,2025-03-01,454,1.253,-0.853
growth_yoy,2025-04-01,454,13.383,11.328
growth_yoy,2025-05-01,454,8.213,6.356
growth_yoy,2025-06-01,454,7.071,5.337
growth_yoy,2025-07-01,454,7.529,5.926
growth_yoy,2025-08-01,454,7.831,6.048
growth_yoy,2025-09-01,454,-0.265,-1.908
growth_yoy,2025-10-01,454,3.071,1.628
growth_yoy,2025-11-01,454,7.453,5.836
growth_yoy,2025-12-01,454,10.93,9.21
growth_yoy,2026-01-01,454,32.712,30.663
growth_yoy,2026-02-01,454,0.743,-0.511
growth_mom,2018-02-01,454,-4.112,-1.112
growth_mom,2018-03-01,454,19.8,11.68
growth_mom,2018-04-01,454,-4.4,0.653
growth_mom,2018-05-01,454,2.814,6.417
growth_mom,2018-06-01,454,-3.479,-4.618
growth_mom,2018-07-01,454,10.186,8.865
growth_mom,2018-08-01,454,-6.303,-3.581
growth_mom,2018-09-01,454,-1.234,-0.485
growth_mom,2018-10-01,454,4.52,6.824
growth_mom,2018-11-01,454,-2.798,-2.016
growth_mom,2018-12-01,454,-1.452,-9.989
growth_mom,2019-01-01,454,-4.008,-2.087
growth_mom,2019-02-01,454,-3.103,-0.211
growth_mom,2019-03-01,454,14.557,7.444
growth_mom,2019-04-01,454,-3.387,0.793
growth_mom,2019-05-01,454,3.044,7.577
growth_mom,2019-06-01,454,-5.056,-6.992
growth_mom,2019-07-01,454,10.516,9.14
growth_mom,2019-08-01,454,-6.509,-6.755
growth_mom,2019-09-01,454,-0.558,0.652
growth_mom,2019-10-01,454,4.313,6.658
growth_mom,2019-11-01,454,-2.516,-1.608
growth_mom,2019-12-01,454,-0.428,-8.522
growth_mom,2020-01-01,454,-5.636,-3.947
growth_mom,2020-02-01,454,-1.316,2.274
growth_mom,2020-03-01,454,-2.51,-8.898
growth_mom,2020-04-01,454,-94.459,-95.866
growth_mom,2020-05-01,454,1405.521,1973.135
growth_mom,2020-06-01,454,28.644,34.335
growth_mom,2020-07-01,454,12.111,10.504
growth_mom,2020-08-01,454,-6.885,-7.256
growth_mom,2020-09-01,454,6.2,6.107
growth_mom,2020-10-01,454,-0.131,0.441
growth_mom,2020-11-01,454,-1.026,1.601
growth_mom,2020-12-01,454,0.1,-2.91
growth_mom,2021-01-01,454,-5.251,-7.836
growth_mom,2021-02-01,454,-8.922,-4.61
growth_mom,2021-03-01,454,70.9,60.173
growth_mom,2021-04-01,454,-18.6,-22.169
growth_mom,2021-05-01,454,-22.3,-22.011
growth_mom,2021-06-01,454,-92.475,-95.736
growth_mom,2021-07-01,454,90.5,92.1
growth_mom,2021-08-01,454,49.5,59.228
growth_mom,2021-09-01,454,262.1,512.604
growth_mom,2021-10-01,454,41.108,47.566
growth_mom,2021-11-01,454,6.994,6.632
growth_mom,2021-12-01,454,29.809,25.144
growth_mom,2022-01-01,454,-39.4,-36.294
growth_mom,2022-02-01,454,-4.5,-4.455
growth_mom,2022-03-01,454,39.8,32.109
growth_mom,2022-04-01,454,10.6,5.346
growth_mom,2022-05-01,454,-9.5,-9.397
growth_mom,2022-06-01,454,9.6,5.7
growth_mom,2022-07-01,454,-15.8,-18.144
growth_mom,2022-08-01,454,7.7,3.525
growth_mom,2022-09-01,454,-2.8,-1.978
growth_mom,2022-10-01,454,-9.9,-7.073
growth_mom,2022-11-01,454,-3.0,-5.285
growth_mom,2022-12-01,454,2.7,2.377
growth_mom,2023-01-01,454,-3.3,-2.733
growth_mom,2023-02-01,454,6.0,6.718
growth_mom,2023-03-01,454,16.0,16.712
growth_mom,2023-04-01,454,-24.8,-25.689
growth_mom,2023-05-01,454,22.5,21.841
growth_mom,2023-06-01,454,-3.779,-4.078
growth_mom,2023-07-01,454,-3.926,-3.855
growth_mom,2023-08-01,454,-6.7,-6.963
growth_mom,2023-09-01,454,-8.6,-9.091
growth_mom,2023-10-01,454,7.0,7.188
growth_mom,2023-11-01,454,-3.2,-3.415
growth_mom,2023-12-01,454,-3.5,-3.502
growth_mom,2024-01-01,454,18.1,17.581
growth_mom,2024-02-01,454,-2.7,-3.099
growth_mom,2024-03-01,454,14.2,14.857
growth_mom,2024-04-01,454,-21.2,-21.503
growth_mom,2024-05-01,454,17.2,17.25
growth_mom,2024-06-01,454,-2.8,-3.123
growth_mom,2024-07-01,454,12.4,11.758
growth_mom,2024-08-01,454,-3.9,-4.313
growth_mom,2024-09-01,454,-5.2,-5.35
growth_mom,2024-10-01,454,7.1,6.802
growth_mom,2024-11-01,454,-8.82,-8.681
growth_mom,2024-12-01,454,2.27,2.33
growth_mom,2025-01-01,454,-3.14,-3.012
growth_mom,2025-02-01,454,6.54,6.14
growth_mom,2025-03-01,454,6.88,6.931
growth_mom,2025-04-01,454,-11.76,-11.859
growth_mom,2025-05-01,454,11.856,12.013
growth_mom,2025-06-01,454,-3.826,-4.051
growth_mom,2025-07-01,454,12.88,12.383
growth_mom,2025-08-01,454,-3.63,-4.204
growth_mom,2025-09-01,454,-12.317,-12.451
growth_mom,2025-10-01,454,10.682,10.652
growth_mom,2025-11-01,454,-4.944,-4.9
growth_mom,2025-12-01,454,5.579,5.592
growth_mom,2026-01-01,454,15.879,16.04
growth_mom,2026-02-01,454,-19.124,-19.183
abs,2018-01-01,461,903.757,98.63
abs,2018-02-01,461,925.684,108.121
abs,2018-03-01,461,916.041,107.944
abs,2018-04-01,461,908.713,114.099
abs,2018-05-01,461,966.242,120.668
abs,2018-06-01,461,985.249,115.528
abs,2018-07-01,461,999.185,114.862
abs,2018-08-01,461,1020.34,132.066
abs,2018-09-01,461,953.308,110.122
abs,2018-10-01,461,954.607,107.657
abs,2018-11-01,461,983.182,115.725
abs,2018-12-01,461,990.189,114.391
abs,2019-01-01,461,951.656,101.905
abs,2019-02-01,461,966.807,110.378
abs,2019-03-01,461,951.232,109.3
abs,2019-04-01,461,959.2,116.745
abs,2019-05-01,461,999.908,123.09
abs,2019-06-01,461,1009.881,117.561
abs,2019-07-01,461,1039.152,119.743
abs,2019-08-01,461,1055.031,137.486
abs,2019-09-01,461,999.996,115.94
abs,2019-10-01,461,988.018,112.925
abs,2019-11-01,461,1032.056,123.172
abs,2019-12-01,461,1034.972,119.929
abs,2020-01-01,461,1002.094,107.868
abs,2020-02-01,461,1014.111,116.108
abs,2020-03-01,461,969.542,111.687
abs,2020-04-01,461,694.498,86.827
abs,2020-05-01,461,832.838,105.407
abs,2020-06-01,461,926.061,109.141
abs,2020-07-01,461,946.513,110.274
abs,2020-08-01,461,989.608,129.929
abs,2020-09-01,461,917.135,108.57
abs,2020-10-01,461,952.433,108.934
abs,2020-11-01,461,964.264,115.752
abs,2020-12-01,461,968.996,115.459
abs,2021-01-01,461,955.042,106.575
abs,2021-02-01,461,962.347,110.356
abs,2021-03-01,461,947.488,109.177
abs,2021-04-01,461,956.673,110.276
abs,2021-05-01,461,922.13,109.069
abs,2021-06-01,461,717.718,84.459
abs,2021-07-01,461,737.232,86.415
abs,2021-08-01,461,797.737,98.414
abs,2021-09-01,461,786.192,89.935
abs,2021-10-01,461,886.332,98.839
abs,2021-11-01,461,943.635,105.327
abs,2021-12-01,461,972.941,110.31
abs,2022-01-01,461,979.873,110.032
abs,2022-02-01,461,999.568,108.919
abs,2022-03-01,461,1019.174,108.225
abs,2022-04-01,461,1021.212,106.33
abs,2022-05-01,461,1032.446,108.019
abs,2022-06-01,461,1029.348,107.777
abs,2022-07-01,461,976.852,102.97
abs,2022-08-01,461,988.574,105.732
abs,2022-09-01,461,1002.788,108.392
abs,2022-10-01,461,1044.905,112.812
abs,2022-11-01,461,1082.522,116.75
abs,2022-12-01,461,1119.328,121.825
abs,2023-01-01,461,1073.435,118.842
abs,2023-02-01,461,1089.537,118.059
abs,2023-03-01,461,1075.373,116.661
abs,2023-04-01,461,1103.332,119.825
abs,2023-05-01,461,1107.746,120.197
abs,2023-06-01,461,1124.362,121.292
abs,2023-07-01,461,1079.387,116.415
abs,2023-08-01,461,1090.181,116.533
abs,2023-09-01,461,1076.009,113.99
abs,2023-10-01,461,1088.921,115.018
abs,2023-11-01,461,1127.033,121.483
abs,2023-12-01,461,1123.652,122.748
abs,2024-01-01,461,1095.561,120.61
abs,2024-02-01,461,1097.752,121.313
abs,2024-03-01,461,1096.654,119.987
abs,2024-04-01,461,1138.327,125.112
abs,2024-05-01,461,1132.636,124.335
abs,2024-06-01,461,1156.421,127.747
abs,2024-07-01,461,1158.734,127.165
abs,2024-08-01,461,1150.623,127.01
abs,2024-09-01,461,1154.074,127.368
abs,2024-10-01,461,1158.691,127.613
abs,2024-11-01,461,1162.167,127.787
abs,2024-12-01,461,1202.843,131.942
abs,2025-01-01,461,1152.323,126.015
abs,2025-02-01,461,1177.674,128.286
abs,2025-03-01,461,1159.42,126.518
abs,2025-04-01,461,1207.073,132.835
abs,2025-05-01,461,1182.014,130.919
abs,2025-06-01,461,1216.737,135.61
abs,2025-07-01,461,1222.55,136.158
abs,2025-08-01,461,1207.294,135.126
abs,2025-09-01,461,1220.503,136.331
abs,2025-10-01,461,1227.352,136.636
abs,2025-11-01,461,1210.023,134.72
abs,2025-12-01,461,1253.062,139.183
abs,2026-01-01,461,1213.126,134.849
abs,2026-02-01,461,1244.672,138.992
growth_yoy,2019-01-01,461,5.3,3.321
growth_yoy,2019-02-01,461,4.442,2.087
growth_yoy,2019-03-01,461,3.842,1.256
growth_yoy,2019-04-01,461,5.556,2.318
growth_yoy,2019-05-01,461,3.484,2.007
growth_yoy,2019-06-01,461,2.5,1.76
growth_yoy,2019-07-01,461,4.0,4.249
growth_yoy,2019-08-01,461,3.4,4.104
growth_yoy,2019-09-01,461,4.897,5.283
growth_yoy,2019-10-01,461,3.5,4.893
growth_yoy,2019-11-01,461,4.971,6.435
growth_yoy,2019-12-01,461,4.523,4.841
growth_yoy,2020-01-01,461,5.3,5.851
growth_yoy,2020-02-01,461,4.893,5.191
growth_yoy,2020-03-01,461,1.925,2.184
growth_yoy,2020-04-01,461,-27.596,-25.627
growth_yoy,2020-05-01,461,-16.708,-14.366
growth_yoy,2020-06-01,461,-8.3,-7.162
growth_yoy,2020-07-01,461,-8.915,-7.908
growth_yoy,2020-08-01,461,-6.201,-5.496
growth_yoy,2020-09-01,461,-8.286,-6.356
growth_yoy,2020-10-01,461,-3.602,-3.534
growth_yoy,2020-11-01,461,-6.569,-6.025
growth_yoy,2020-12-01,461,-6.375,-3.727
growth_yoy,2021-01-01,461,-4.695,-1.198
growth_yoy,2021-02-01,461,-5.104,-4.954
growth_yoy,2021-03-01,461,-2.275,-2.247
growth_yoy,2021-04-01,461,37.75,27.007
growth_yoy,2021-05-01,461,10.721,3.474
growth_yoy,2021-06-01,461,-22.498,-22.615
growth_yoy,2021-07-01,461,-22.111,-21.636
growth_yoy,2021-08-01,461,-19.389,-24.256
growth_yoy,2021-09-01,461,-14.277,-17.164
growth_yoy,2021-10-01,461,-6.94,-9.267
growth_yoy,2021-11-01,461,-2.139,-9.006
growth_yoy,2021-12-01,461,0.407,-4.459
growth_yoy,2022-01-01,461,2.6,3.243
growth_yoy,2022-02-01,461,3.868,-1.301
growth_yoy,2022-03-01,461,7.566,-0.872
growth_yoy,2022-04-01,461,6.746,-3.579
growth_yoy,2022-05-01,461,11.963,-0.963
growth_yoy,2022-06-01,461,43.42,27.61
growth_yoy,2022-07-01,461,32.503,19.157
growth_yoy,2022-08-01,461,23.922,7.436
growth_yoy,2022-09-01,461,27.55,20.523
growth_yoy,2022-10-01,461,17.891,14.137
growth_yoy,2022-11-01,461,14.718,10.845
growth_yoy,2022-12-01,461,15.046,10.438
growth_yoy,2023-01-01,461,9.548,8.007
growth_yoy,2023-02-01,461,9.001,8.391
growth_yoy,2023-03-01,461,5.514,7.794
growth_yoy,2023-04-01,461,8.041,12.692
growth_yoy,2023-05-01,461,7.293,11.274
growth_yoy,2023-06-01,461,9.23,12.54
growth_yoy,2023-07-01,461,10.497,13.058
growth_yoy,2023-08-01,461,10.278,10.216
growth_yoy,2023-09-01,461,7.302,5.164
growth_yoy,2023-10-01,461,4.212,1.955
growth_yoy,2023-11-01,461,4.112,4.054
growth_yoy,2023-12-01,461,0.386,0.758
growth_yoy,2024-01-01,461,2.061,1.488
growth_yoy,2024-02-01,461,0.754,2.756
growth_yoy,2024-03-01,461,1.979,2.852
growth_yoy,2024-04-01,461,3.172,4.412
growth_yoy,2024-05-01,461,2.247,3.442
growth_yoy,2024-06-01,461,2.851,5.322
growth_yoy,2024-07-01,461,7.351,9.234
growth_yoy,2024-08-01,461,5.544,8.991
growth_yoy,2024-09-01,461,7.255,11.736
growth_yoy,2024-10-01,461,6.407,10.951
growth_yoy,2024-11-01,461,3.117,5.189
growth_yoy,2024-12-01,461,7.048,7.49
growth_yoy,2025-01-01,461,5.181,4.481
growth_yoy,2025-02-01,461,7.281,5.748
growth_yoy,2025-03-01,461,5.723,5.443
growth_yoy,2025-04-01,461,6.039,6.173
growth_yoy,2025-05-01,461,4.36,5.295
growth_yoy,2025-06-01,461,5.216,6.155
growth_yoy,2025-07-01,461,5.507,7.072
growth_yoy,2025-08-01,461,4.925,6.39
growth_yoy,2025-09-01,461,5.756,7.037
growth_yoy,2025-10-01,461,5.926,7.071
growth_yoy,2025-11-01,461,4.118,5.426
growth_yoy,2025-12-01,461,4.175,5.488
growth_yoy,2026-01-01,461,5.277,7.011
growth_yoy,2026-02-01,461,5.689,8.346
growth_mom,2018-02-01,461,2.426,9.623
growth_mom,2018-03-01,461,-1.042,-0.164
growth_mom,2018-04-01,461,-0.8,5.703
growth_mom,2018-05-01,461,6.331,5.757
growth_mom,2018-06-01,461,1.967,-4.26
growth_mom,2018-07-01,461,1.414,-0.576
growth_mom,2018-08-01,461,2.117,14.977
growth_mom,2018-09-01,461,-6.57,-16.616
growth_mom,2018-10-01,461,0.136,-2.238
growth_mom,2018-11-01,461,2.993,7.494
growth_mom,2018-12-01,461,0.713,-1.153
growth_mom,2019-01-01,461,-3.891,-10.915
growth_mom,2019-02-01,461,1.592,8.314
growth_mom,2019-03-01,461,-1.611,-0.977
growth_mom,2019-04-01,461,0.838,6.812
growth_mom,2019-05-01,461,4.244,5.435
growth_mom,2019-06-01,461,0.997,-4.491
growth_mom,2019-07-01,461,2.899,1.856
growth_mom,2019-08-01,461,1.528,14.817
growth_mom,2019-09-01,461,-5.216,-15.671
growth_mom,2019-10-01,461,-1.198,-2.601
growth_mom,2019-11-01,461,4.457,9.075
growth_mom,2019-12-01,461,0.283,-2.634
growth_mom,2020-01-01,461,-3.177,-10.056
growth_mom,2020-02-01,461,1.199,7.639
growth_mom,2020-03-01,461,-4.395,-3.808
growth_mom,2020-04-01,461,-28.368,-22.259
growth_mom,2020-05-01,461,19.92,21.399
growth_mom,2020-06-01,461,11.193,3.542
growth_mom,2020-07-01,461,2.209,1.038
growth_mom,2020-08-01,461,4.553,17.824
growth_mom,2020-09-01,461,-7.323,-16.439
growth_mom,2020-10-01,461,3.849,0.335
growth_mom,2020-11-01,461,1.242,6.259
growth_mom,2020-12-01,461,0.491,-0.253
growth_mom,2021-01-01,461,-1.44,-7.694
growth_mom,2021-02-01,461,0.765,3.547
growth_mom,2021-03-01,461,-1.544,-1.068
growth_mom,2021-04-01,461,0.969,1.007
growth_mom,2021-05-01,461,-3.611,-1.095
growth_mom,2021-06-01,461,-22.167,-22.564
growth_mom,2021-07-01,461,2.719,2.316
growth_mom,2021-08-01,461,8.207,13.885
growth_mom,2021-09-01,461,-1.447,-8.615
growth_mom,2021-10-01,461,12.737,9.9
growth_mom,2021-11-01,461,6.465,6.564
growth_mom,2021-12-01,461,3.106,4.731
growth_mom,2022-01-01,461,0.712,-0.253
growth_mom,2022-02-01,461,2.01,-1.011
growth_mom,2022-03-01,461,1.961,-0.637
growth_mom,2022-04-01,461,0.2,-1.752
growth_mom,2022-05-01,461,1.1,1.589
growth_mom,2022-06-01,461,-0.3,-0.224
growth_mom,2022-07-01,461,-5.1,-4.461
growth_mom,2022-08-01,461,1.2,2.682
growth_mom,2022-09-01,461,1.438,2.516
growth_mom,2022-10-01,461,4.2,4.077
growth_mom,2022-11-01,461,3.6,3.491
growth_mom,2022-12-01,461,3.4,4.347
growth_mom,2023-01-01,461,-4.1,-2.448
growth_mom,2023-02-01,461,1.5,-0.659
growth_mom,2023-03-01,461,-1.3,-1.185
growth_mom,2023-04-01,461,2.6,2.712
growth_mom,2023-05-01,461,0.4,0.311
growth_mom,2023-06-01,461,1.5,0.911
growth_mom,2023-07-01,461,-4.0,-4.021
growth_mom,2023-08-01,461,1.0,0.101
growth_mom,2023-09-01,461,-1.3,-2.182
growth_mom,2023-10-01,461,1.2,0.901
growth_mom,2023-11-01,461,3.5,5.621
growth_mom,2023-12-01,461,-0.3,1.041
growth_mom,2024-01-01,461,-2.5,-1.741
growth_mom,2024-02-01,461,0.2,0.582
growth_mom,2024-03-01,461,-0.1,-1.093
growth_mom,2024-04-01,461,3.8,4.271
growth_mom,2024-05-01,461,-0.5,-0.621
growth_mom,2024-06-01,461,2.1,2.744
growth_mom,2024-07-01,461,0.2,-0.455
growth_mom,2024-08-01,461,-0.7,-0.122
growth_mom,2024-09-01,461,0.3,0.282
growth_mom,2024-10-01,461,0.4,0.192
growth_mom,2024-11-01,461,0.3,0.136
growth_mom,2024-12-01,461,3.5,3.251
growth_mom,2025-01-01,461,-4.2,-4.492
growth_mom,2025-02-01,461,2.2,1.802
growth_mom,2025-03-01,461,-1.55,-1.378
growth_mom,2025-04-01,461,4.11,4.993
growth_mom,2025-05-01,461,-2.076,-1.442
growth_mom,2025-06-01,461,2.938,3.583
growth_mom,2025-07-01,461,0.478,0.404
growth_mom,2025-08-01,461,-1.248,-0.758
growth_mom,2025-09-01,461,1.094,0.892
growth_mom,2025-10-01,461,0.561,0.224
growth_mom,2025-11-01,461,-1.412,-1.402
growth_mom,2025-12-01,461,3.557,3.313
growth_mom,2026-01-01,461,-3.187,-3.114
growth_mom,2026-02-01,461,2.6,3.072
abs,2018-01-01,462,4454.081,102.689
abs,2018-02-01,462,4152.9,110.508
abs,2018-03-01,462,4289.698,124.271
abs,2018-04-01,462,4082.514,111.84
abs,2018-05-01,462,3998.675,106.971
abs,2018-06-01,462,3860.697,106.849
abs,2018-07-01,462,3908.889,111.026
abs,2018-08-01,462,4037.654,111.633
abs,2018-09-01,462,4282.217,118.49
abs,2018-10-01,462,4227.028,120.655
abs,2018-11-01,462,4111.351,111.378
abs,2018-12-01,462,4191.637,109.085
abs,2019-01-01,462,4593.049,117.293
abs,2019-02-01,462,4373.004,122.528
abs,2019-03-01,462,4409.809,130.738
abs,2019-04-01,462,4188.66,117.577
abs,2019-05-01,462,4222.192,113.79
abs,2019-06-01,462,4181.135,117.653
abs,2019-07-01,462,4260.689,122.999
abs,2019-08-01,462,4388.93,122.136
abs,2019-09-01,462,4217.984,120.115
abs,2019-10-01,462,4108.671,120.192
abs,2019-11-01,462,3983.899,108.532
abs,2019-12-01,462,4019.78,104.891
abs,2020-01-01,462,4322.059,110.368
abs,2020-02-01,462,4152.849,116.296
abs,2020-03-01,462,4199.92,123.751
abs,2020-04-01,462,4217.565,117.737
abs,2020-05-01,462,4160.322,111.882
abs,2020-06-01,462,4457.089,124.203
abs,2020-07-01,462,4407.147,126.405
abs,2020-08-01,462,4522.784,125.438
abs,2020-09-01,462,4266.25,121.184
abs,2020-10-01,462,4141.165,120.39
abs,2020-11-01,462,4074.61,111.119
abs,2020-12-01,462,4070.535,105.953
abs,2021-01-01,462,4063.466,102.005
abs,2021-02-01,462,4070.323,110.648
abs,2021-03-01,462,4349.853,124.434
abs,2021-04-01,462,4499.036,125.221
abs,2021-05-01,462,4567.92,124.239
abs,2021-06-01,462,4585.624,124.658
abs,2021-07-01,462,4618.763,125.545
abs,2021-08-01,462,4697.623,123.523
abs,2021-09-01,462,4635.256,119.282
abs,2021-10-01,462,4684.542,119.824
abs,2021-11-01,462,4705.79,118.944
abs,2021-12-01,462,4669.87,116.477
abs,2022-01-01,462,4683.879,116.206
abs,2022-02-01,462,4715.608,118.934
abs,2022-03-01,462,5140.012,130.39
abs,2022-04-01,462,5167.689,128.556
abs,2022-05-01,462,5374.397,131.474
abs,2022-06-01,462,5207.79,126.965
abs,2022-07-01,462,5442.141,133.133
abs,2022-08-01,462,5295.203,131.328
abs,2022-09-01,462,5377.199,134.689
abs,2022-10-01,462,5237.392,132.911
abs,2022-11-01,462,5148.356,130.605
abs,2022-12-01,462,5519.038,140.405
abs,2023-01-01,462,5281.719,135.182
abs,2023-02-01,462,5186.648,132.177
abs,2023-03-01,462,5508.22,139.86
abs,2023-04-01,462,5431.105,137.498
abs,2023-05-01,462,5838.438,147.396
abs,2023-06-01,462,5453.101,137.964
abs,2023-07-01,462,5736.663,146.517
abs,2023-08-01,462,5713.716,145.665
abs,2023-09-01,462,5907.982,150.44
abs,2023-10-01,462,5701.203,144.757
abs,2023-11-01,462,5638.49,143.704
abs,2023-12-01,462,5818.921,149.517
abs,2024-01-01,462,5504.7,141.681
abs,2024-02-01,462,5477.176,140.545
abs,2024-03-01,462,5685.309,145.319
abs,2024-04-01,462,5793.33,148.033
abs,2024-05-01,462,6065.616,153.689
abs,2024-06-01,462,5883.648,149.967
abs,2024-07-01,462,6177.83,158.157
abs,2024-08-01,462,6159.297,158.968
abs,2024-09-01,462,6146.978,158.579
abs,2024-10-01,462,6153.125,158.321
abs,2024-11-01,462,6411.556,163.718
abs,2024-12-01,462,6629.549,167.507
abs,2025-01-01,462,5959.965,150.031
abs,2025-02-01,462,5888.445,147.477
abs,2025-03-01,462,6195.822,155.8
abs,2025-04-01,462,6091.732,153.693
abs,2025-05-01,462,6245.216,157.572
abs,2025-06-01,462,6601.077,167.722
abs,2025-07-01,462,6466.27,164.783
abs,2025-08-01,462,6480.116,164.865
abs,2025-09-01,462,6718.824,170.276
abs,2025-10-01,462,6617.217,167.412
abs,2025-11-01,462,6603.382,169.892
abs,2025-12-01,462,6937.273,179.159
abs,2026-01-01,462,6341.022,164.188
abs,2026-02-01,462,6162.741,159.882
growth_yoy,2019-01-01,462,3.12,14.221
growth_yoy,2019-02-01,462,5.3,10.877
growth_yoy,2019-03-01,462,2.8,5.204
growth_yoy,2019-04-01,462,2.6,5.13
growth_yoy,2019-05-01,462,5.59,6.375
growth_yoy,2019-06-01,462,8.3,10.112
growth_yoy,2019-07-01,462,9.0,10.784
growth_yoy,2019-08-01,462,8.7,9.409
growth_yoy,2019-09-01,462,-1.5,1.372
growth_yoy,2019-10-01,462,-2.8,-0.384
growth_yoy,2019-11-01,462,-3.1,-2.555
growth_yoy,2019-12-01,462,-4.1,-3.844
growth_yoy,2020-01-01,462,-5.9,-5.904
growth_yoy,2020-02-01,462,-5.034,-5.086
growth_yoy,2020-03-01,462,-4.76,-5.344
growth_yoy,2020-04-01,462,0.69,0.137
growth_yoy,2020-05-01,462,-1.465,-1.677
growth_yoy,2020-06-01,462,6.6,5.567
growth_yoy,2020-07-01,462,3.437,2.769
growth_yoy,2020-08-01,462,3.05,2.703
growth_yoy,2020-09-01,462,1.144,0.89
growth_yoy,2020-10-01,462,0.791,0.165
growth_yoy,2020-11-01,462,2.277,2.384
growth_yoy,2020-12-01,462,1.263,1.012
growth_yoy,2021-01-01,462,-5.983,-7.577
growth_yoy,2021-02-01,462,-1.987,-4.857
growth_yoy,2021-03-01,462,3.57,0.552
growth_yoy,2021-04-01,462,6.674,6.356
growth_yoy,2021-05-01,462,9.797,11.045
growth_yoy,2021-06-01,462,2.884,0.366
growth_yoy,2021-07-01,462,4.802,-0.681
growth_yoy,2021-08-01,462,3.866,-1.526
growth_yoy,2021-09-01,462,8.649,-1.569
growth_yoy,2021-10-01,462,13.121,-0.47
growth_yoy,2021-11-01,462,15.491,7.042
growth_yoy,2021-12-01,462,14.724,9.933
growth_yoy,2022-01-01,462,15.268,13.922
growth_yoy,2022-02-01,462,15.853,7.489
growth_yoy,2022-03-01,462,18.165,4.786
growth_yoy,2022-04-01,462,14.862,2.663
growth_yoy,2022-05-01,462,17.655,5.824
growth_yoy,2022-06-01,462,13.568,1.85
growth_yoy,2022-07-01,462,17.827,6.044
growth_yoy,2022-08-01,462,12.721,6.319
growth_yoy,2022-09-01,462,16.007,12.916
growth_yoy,2022-10-01,462,11.802,10.922
growth_yoy,2022-11-01,462,9.405,9.803
growth_yoy,2022-12-01,462,18.184,20.543
growth_yoy,2023-01-01,462,12.764,16.329
growth_yoy,2023-02-01,462,9.989,11.135
growth_yoy,2023-03-01,462,7.164,7.263
growth_yoy,2023-04-01,462,5.097,6.956
growth_yoy,2023-05-01,462,8.634,12.11
growth_yoy,2023-06-01,462,4.71,8.663
growth_yoy,2023-07-01,462,5.412,10.053
growth_yoy,2023-08-01,462,7.904,10.917
growth_yoy,2023-09-01,462,9.871,11.695
growth_yoy,2023-10-01,462,8.856,8.912
growth_yoy,2023-11-01,462,9.52,10.03
growth_yoy,2023-12-01,462,5.434,6.49
growth_yoy,2024-01-01,462,4.222,4.807
growth_yoy,2024-02-01,462,5.601,6.331
growth_yoy,2024-03-01,462,3.215,3.903
growth_yoy,2024-04-01,462,6.669,7.662
growth_yoy,2024-05-01,462,3.891,4.27
growth_yoy,2024-06-01,462,7.895,8.7
growth_yoy,2024-07-01,462,7.69,7.945
growth_yoy,2024-08-01,462,7.798,9.133
growth_yoy,2024-09-01,462,4.045,5.41
growth_yoy,2024-10-01,462,7.927,9.371
growth_yoy,2024-11-01,462,13.711,13.927
growth_yoy,2024-12-01,462,13.931,12.032
growth_yoy,2025-01-01,462,8.27,5.894
growth_yoy,2025-02-01,462,7.509,4.932
growth_yoy,2025-03-01,462,8.98,7.212
growth_yoy,2025-04-01,462,5.151,3.824
growth_yoy,2025-05-01,462,2.961,2.526
growth_yoy,2025-06-01,462,12.194,11.839
growth_yoy,2025-07-01,462,4.669,4.189
growth_yoy,2025-08-01,462,5.209,3.71
growth_yoy,2025-09-01,462,9.303,7.376
growth_yoy,2025-10-01,462,7.542,5.742
growth_yoy,2025-11-01,462,2.992,3.771
growth_yoy,2025-12-01,462,4.642,6.957
growth_yoy,2026-01-01,462,6.394,9.436
growth_yoy,2026-02-01,462,4.658,8.412
growth_mom,2018-02-01,462,-6.762,7.614
growth_mom,2018-03-01,462,3.294,12.454
growth_mom,2018-04-01,462,-4.83,-10.003
growth_mom,2018-05-01,462,-2.054,-4.354
growth_mom,2018-06-01,462,-3.451,-0.114
growth_mom,2018-07-01,462,1.248,3.91
growth_mom,2018-08-01,462,3.294,0.547
growth_mom,2018-09-01,462,6.057,6.143
growth_mom,2018-10-01,462,-1.289,1.827
growth_mom,2018-11-01,462,-2.737,-7.689
growth_mom,2018-12-01,462,1.953,-2.059
growth_mom,2019-01-01,462,9.576,7.524
growth_mom,2019-02-01,462,-4.791,4.463
growth_mom,2019-03-01,462,0.842,6.701
growth_mom,2019-04-01,462,-5.015,-10.067
growth_mom,2019-05-01,462,0.801,-3.221
growth_mom,2019-06-01,462,-0.972,3.395
growth_mom,2019-07-01,462,1.903,4.544
growth_mom,2019-08-01,462,3.01,-0.702
growth_mom,2019-09-01,462,-3.895,-1.655
growth_mom,2019-10-01,462,-2.592,0.064
growth_mom,2019-11-01,462,-3.037,-9.701
growth_mom,2019-12-01,462,0.901,-3.355
growth_mom,2020-01-01,462,7.52,5.221
growth_mom,2020-02-01,462,-3.915,5.372
growth_mom,2020-03-01,462,1.133,6.411
growth_mom,2020-04-01,462,0.42,-4.86
growth_mom,2020-05-01,462,-1.357,-4.973
growth_mom,2020-06-01,462,7.133,11.013
growth_mom,2020-07-01,462,-1.121,1.773
growth_mom,2020-08-01,462,2.624,-0.765
growth_mom,2020-09-01,462,-5.672,-3.391
growth_mom,2020-10-01,462,-2.932,-0.655
growth_mom,2020-11-01,462,-1.607,-7.7
growth_mom,2020-12-01,462,-0.1,-4.65
growth_mom,2021-01-01,462,-0.174,-3.726
growth_mom,2021-02-01,462,0.169,8.473
growth_mom,2021-03-01,462,6.867,12.46
growth_mom,2021-04-01,462,3.43,0.632
growth_mom,2021-05-01,462,1.531,-0.784
growth_mom,2021-06-01,462,0.388,0.337
growth_mom,2021-07-01,462,0.723,0.711
growth_mom,2021-08-01,462,1.707,-1.61
growth_mom,2021-09-01,462,-1.328,-3.434
growth_mom,2021-10-01,462,1.063,0.454
growth_mom,2021-11-01,462,0.454,-0.734
growth_mom,2021-12-01,462,-0.763,-2.075
growth_mom,2022-01-01,462,0.3,-0.232
growth_mom,2022-02-01,462,0.677,2.347
growth_mom,2022-03-01,462,9.0,9.632
growth_mom,2022-04-01,462,0.538,-1.407
growth_mom,2022-05-01,462,4.0,2.27
growth_mom,2022-06-01,462,-3.1,-3.43
growth_mom,2022-07-01,462,4.5,4.858
growth_mom,2022-08-01,462,-2.7,-1.356
growth_mom,2022-09-01,462,1.548,2.559
growth_mom,2022-10-01,462,-2.6,-1.32
growth_mom,2022-11-01,462,-1.7,-1.735
growth_mom,2022-12-01,462,7.2,7.504
growth_mom,2023-01-01,462,-4.3,-3.72
growth_mom,2023-02-01,462,-1.8,-2.223
growth_mom,2023-03-01,462,6.2,5.812
growth_mom,2023-04-01,462,-1.4,-1.689
growth_mom,2023-05-01,462,7.5,7.199
growth_mom,2023-06-01,462,-6.6,-6.399
growth_mom,2023-07-01,462,5.2,6.199
growth_mom,2023-08-01,462,-0.4,-0.581
growth_mom,2023-09-01,462,3.4,3.278
growth_mom,2023-10-01,462,-3.5,-3.778
growth_mom,2023-11-01,462,-1.1,-0.727
growth_mom,2023-12-01,462,3.2,4.045
growth_mom,2024-01-01,462,-5.4,-5.241
growth_mom,2024-02-01,462,-0.5,-0.801
growth_mom,2024-03-01,462,3.8,3.397
growth_mom,2024-04-01,462,1.9,1.867
growth_mom,2024-05-01,462,4.7,3.821
growth_mom,2024-06-01,462,-3.0,-2.422
growth_mom,2024-07-01,462,5.0,5.461
growth_mom,2024-08-01,462,-0.3,0.513
growth_mom,2024-09-01,462,-0.2,-0.245
growth_mom,2024-10-01,462,0.1,-0.162
growth_mom,2024-11-01,462,4.2,3.408
growth_mom,2024-12-01,462,3.4,2.314
growth_mom,2025-01-01,462,-10.1,-10.433
growth_mom,2025-02-01,462,-1.2,-1.702
growth_mom,2025-03-01,462,5.22,5.644
growth_mom,2025-04-01,462,-1.68,-1.352
growth_mom,2025-05-01,462,2.52,2.524
growth_mom,2025-06-01,462,5.698,6.442
growth_mom,2025-07-01,462,-2.042,-1.752
growth_mom,2025-08-01,462,0.214,0.05
growth_mom,2025-09-01,462,3.684,3.282
growth_mom,2025-10-01,462,-1.512,-1.682
growth_mom,2025-11-01,462,-0.209,1.481
growth_mom,2025-12-01,462,5.056,5.455
growth_mom,2026-01-01,462,-8.595,-8.357
growth_mom,2026-02-01,462,-2.812,-2.622
abs,2018-01-01,463,9099.224,115.386
abs,2018-02-01,463,8567.854,113.356
abs,2018-03-01,463,8806.365,116.581
abs,2018-04-01,463,8699.326,114.981
abs,2018-05-01,463,9006.622,118.86
abs,2018-06-01,463,9476.511,125.976
abs,2018-07-01,463,9283.304,121.757
abs,2018-08-01,463,9375.547,124.678
abs,2018-09-01,463,9392.221,125.318
abs,2018-10-01,463,9285.078,123.166
abs,2018-11-01,463,9274.149,122.776
abs,2018-12-01,463,9507.446,122.482
abs,2019-01-01,463,9667.926,124.312
abs,2019-02-01,463,9090.219,121.516
abs,2019-03-01,463,9161.578,123.568
abs,2019-04-01,463,9188.228,123.905
abs,2019-05-01,463,9729.566,129.441
abs,2019-06-01,463,10115.702,136.292
abs,2019-07-01,463,9951.702,131.832
abs,2019-08-01,463,9984.957,132.248
abs,2019-09-01,463,9932.274,132.85
abs,2019-10-01,463,9758.341,129.672
abs,2019-11-01,463,9784.176,129.425
abs,2019-12-01,463,10128.499,129.636
abs,2020-01-01,463,10226.632,129.819
abs,2020-02-01,463,9476.553,125.962
abs,2020-03-01,463,9390.617,127.088
abs,2020-04-01,463,9133.553,123.01
abs,2020-05-01,463,9807.239,129.763
abs,2020-06-01,463,10538.894,141.88
abs,2020-07-01,463,10313.065,136.477
abs,2020-08-01,463,10366.873,136.963
abs,2020-09-01,463,10351.322,136.743
abs,2020-10-01,463,10128.674,132.5
abs,2020-11-01,463,10240.262,133.882
abs,2020-12-01,463,10645.053,134.825
abs,2021-01-01,463,10727.604,134.945
abs,2021-02-01,463,9989.98,131.235
abs,2021-03-01,463,9999.97,133.349
abs,2021-04-01,463,10035.106,133.986
abs,2021-05-01,463,10426.475,136.839
abs,2021-06-01,463,10343.063,136.149
abs,2021-07-01,463,10498.675,138.188
abs,2021-08-01,463,10716.578,140.097
abs,2021-09-01,463,11002.823,142.803
abs,2021-10-01,463,11204.444,143.864
abs,2021-11-01,463,11384.66,144.262
abs,2021-12-01,463,11503.03,144.891
abs,2022-01-01,463,11743.543,146.116
abs,2022-02-01,463,10909.031,135.367
abs,2022-03-01,463,10936.304,136.401
abs,2022-04-01,463,11220.648,139.054
abs,2022-05-01,463,11198.206,137.389
abs,2022-06-01,463,11310.189,138.508
abs,2022-07-01,463,11253.638,138.561
abs,2022-08-01,463,11343.667,140.252
abs,2022-09-01,463,11423.072,141.878
abs,2022-10-01,463,11617.265,144.687
abs,2022-11-01,463,12070.338,149.37
abs,2022-12-01,463,12203.112,151.651
abs,2023-01-01,463,12630.221,158.025
abs,2023-02-01,463,11986.079,147.234
abs,2023-03-01,463,12345.662,150.469
abs,2023-04-01,463,12085.168,146.229
abs,2023-05-01,463,12278.531,148.342
abs,2023-06-01,463,12192.581,146.94
abs,2023-07-01,463,12241.351,148.919
abs,2023-08-01,463,12265.834,150.978
abs,2023-09-01,463,12302.632,151.103
abs,2023-10-01,463,11995.066,147.63
abs,2023-11-01,463,12342.923,152.681
abs,2023-12-01,463,12379.951,152.235
abs,2024-01-01,463,13209.408,163.539
abs,2024-02-01,463,12469.681,153.416
abs,2024-03-01,463,13018.347,159.742
abs,2024-04-01,463,12888.164,156.591
abs,2024-05-01,463,13042.822,158.234
abs,2024-06-01,463,13003.693,158.95
abs,2024-07-01,463,13237.76,162.376
abs,2024-08-01,463,13118.62,160.324
abs,2024-09-01,463,13276.043,161.514
abs,2024-10-01,463,13063.627,158.91
abs,2024-11-01,463,12985.245,157.111
abs,2024-12-01,463,13154.053,159.066
abs,2025-01-01,463,13864.372,167.31
abs,2025-02-01,463,13309.797,159.309
abs,2025-03-01,463,14021.871,167.267
abs,2025-04-01,463,13860.62,165.243
abs,2025-05-01,463,14050.216,167.461
abs,2025-06-01,463,13871.657,165.126
abs,2025-07-01,463,14117.347,166.749
abs,2025-08-01,463,13830.179,165.193
abs,2025-09-01,463,14231.6,168.762
abs,2025-10-01,463,14259.746,168.852
abs,2025-11-01,463,13860.761,163.832
abs,2025-12-01,463,14091.151,166.388
abs,2026-01-01,463,14675.082,172.811
abs,2026-02-01,463,14068.448,165.221
growth_yoy,2019-01-01,463,6.25,7.735
growth_yoy,2019-02-01,463,6.097,7.198
growth_yoy,2019-03-01,463,4.034,5.993
growth_yoy,2019-04-01,463,5.62,7.762
growth_yoy,2019-05-01,463,8.027,8.902
growth_yoy,2019-06-01,463,6.745,8.188
growth_yoy,2019-07-01,463,7.2,8.275
growth_yoy,2019-08-01,463,6.5,6.072
growth_yoy,2019-09-01,463,5.75,6.01
growth_yoy,2019-10-01,463,5.097,5.283
growth_yoy,2019-11-01,463,5.499,5.415
growth_yoy,2019-12-01,463,6.532,5.841
growth_yoy,2020-01-01,463,5.779,4.43
growth_yoy,2020-02-01,463,4.25,3.659
growth_yoy,2020-03-01,463,2.5,2.849
growth_yoy,2020-04-01,463,-0.595,-0.722
growth_yoy,2020-05-01,463,0.798,0.249
growth_yoy,2020-06-01,463,4.184,4.1
growth_yoy,2020-07-01,463,3.631,3.523
growth_yoy,2020-08-01,463,3.825,3.565
growth_yoy,2020-09-01,463,4.219,2.93
growth_yoy,2020-10-01,463,3.795,2.181
growth_yoy,2020-11-01,463,4.661,3.444
growth_yoy,2020-12-01,463,5.1,4.003
growth_yoy,2021-01-01,463,4.899,3.948
growth_yoy,2021-02-01,463,5.418,4.186
growth_yoy,2021-03-01,463,6.489,4.927
growth_yoy,2021-04-01,463,9.871,8.922
growth_yoy,2021-05-01,463,6.314,5.453
growth_yoy,2021-06-01,463,-1.858,-4.039
growth_yoy,2021-07-01,463,1.8,1.253
growth_yoy,2021-08-01,463,3.373,2.289
growth_yoy,2021-09-01,463,6.294,4.432
growth_yoy,2021-10-01,463,10.621,8.577
growth_yoy,2021-11-01,463,11.175,7.753
growth_yoy,2021-12-01,463,8.06,7.466
growth_yoy,2022-01-01,463,9.47,8.279
growth_yoy,2022-02-01,463,9.2,3.149
growth_yoy,2022-03-01,463,9.363,2.288
growth_yoy,2022-04-01,463,11.814,3.783
growth_yoy,2022-05-01,463,7.402,0.402
growth_yoy,2022-06-01,463,9.35,1.733
growth_yoy,2022-07-01,463,7.191,0.27
growth_yoy,2022-08-01,463,5.852,0.111
growth_yoy,2022-09-01,463,3.819,-0.648
growth_yoy,2022-10-01,463,3.684,0.572
growth_yoy,2022-11-01,463,6.023,3.541
growth_yoy,2022-12-01,463,6.086,4.665
growth_yoy,2023-01-01,463,7.55,8.15
growth_yoy,2023-02-01,463,9.873,8.767
growth_yoy,2023-03-01,463,12.887,10.314
growth_yoy,2023-04-01,463,7.705,5.159
growth_yoy,2023-05-01,463,9.647,7.972
growth_yoy,2023-06-01,463,7.802,6.087
growth_yoy,2023-07-01,463,8.777,7.476
growth_yoy,2023-08-01,463,8.129,7.647
growth_yoy,2023-09-01,463,7.7,6.502
growth_yoy,2023-10-01,463,3.252,2.034
growth_yoy,2023-11-01,463,2.258,2.217
growth_yoy,2023-12-01,463,1.449,0.385
growth_yoy,2024-01-01,463,4.586,3.489
growth_yoy,2024-02-01,463,4.035,4.199
growth_yoy,2024-03-01,463,5.449,6.163
growth_yoy,2024-04-01,463,6.644,7.087
growth_yoy,2024-05-01,463,6.225,6.669
growth_yoy,2024-06-01,463,6.653,8.173
growth_yoy,2024-07-01,463,8.14,9.036
growth_yoy,2024-08-01,463,6.953,6.191
growth_yoy,2024-09-01,463,7.912,6.89
growth_yoy,2024-10-01,463,8.908,7.641
growth_yoy,2024-11-01,463,5.204,2.901
growth_yoy,2024-12-01,463,6.253,4.487
growth_yoy,2025-01-01,463,4.958,2.306
growth_yoy,2025-02-01,463,6.737,3.841
growth_yoy,2025-03-01,463,7.709,4.71
growth_yoy,2025-04-01,463,7.545,5.525
growth_yoy,2025-05-01,463,7.724,5.831
growth_yoy,2025-06-01,463,6.675,3.886
growth_yoy,2025-07-01,463,6.645,2.693
growth_yoy,2025-08-01,463,5.424,3.037
growth_yoy,2025-09-01,463,7.198,4.487
growth_yoy,2025-10-01,463,9.156,6.257
growth_yoy,2025-11-01,463,6.742,4.278
growth_yoy,2025-12-01,463,7.124,4.604
growth_yoy,2026-01-01,463,5.847,3.288
growth_yoy,2026-02-01,463,5.7,3.711
growth_mom,2018-02-01,463,-5.84,-1.759
growth_mom,2018-03-01,463,2.784,2.845
growth_mom,2018-04-01,463,-1.215,-1.373
growth_mom,2018-05-01,463,3.532,3.374
growth_mom,2018-06-01,463,5.217,5.987
growth_mom,2018-07-01,463,-2.039,-3.349
growth_mom,2018-08-01,463,0.994,2.398
growth_mom,2018-09-01,463,0.178,0.514
growth_mom,2018-10-01,463,-1.141,-1.717
growth_mom,2018-11-01,463,-0.118,-0.317
growth_mom,2018-12-01,463,2.516,-0.239
growth_mom,2019-01-01,463,1.688,1.494
growth_mom,2019-02-01,463,-5.976,-2.249
growth_mom,2019-03-01,463,0.785,1.689
growth_mom,2019-04-01,463,0.291,0.272
growth_mom,2019-05-01,463,5.892,4.468
growth_mom,2019-06-01,463,3.969,5.293
growth_mom,2019-07-01,463,-1.621,-3.272
growth_mom,2019-08-01,463,0.334,0.315
growth_mom,2019-09-01,463,-0.528,0.456
growth_mom,2019-10-01,463,-1.751,-2.392
growth_mom,2019-11-01,463,0.265,-0.191
growth_mom,2019-12-01,463,3.519,0.163
growth_mom,2020-01-01,463,0.969,0.142
growth_mom,2020-02-01,463,-7.335,-2.972
growth_mom,2020-03-01,463,-0.907,0.895
growth_mom,2020-04-01,463,-2.737,-3.209
growth_mom,2020-05-01,463,7.376,5.489
growth_mom,2020-06-01,463,7.46,9.338
growth_mom,2020-07-01,463,-2.143,-3.808
growth_mom,2020-08-01,463,0.522,0.356
growth_mom,2020-09-01,463,-0.15,-0.161
growth_mom,2020-10-01,463,-2.151,-3.103
growth_mom,2020-11-01,463,1.102,1.043
growth_mom,2020-12-01,463,3.953,0.705
growth_mom,2021-01-01,463,0.775,0.088
growth_mom,2021-02-01,463,-6.876,-2.749
growth_mom,2021-03-01,463,0.1,1.611
growth_mom,2021-04-01,463,0.351,0.477
growth_mom,2021-05-01,463,3.9,2.129
growth_mom,2021-06-01,463,-0.8,-0.504
growth_mom,2021-07-01,463,1.505,1.497
growth_mom,2021-08-01,463,2.076,1.382
growth_mom,2021-09-01,463,2.671,1.931
growth_mom,2021-10-01,463,1.832,0.743
growth_mom,2021-11-01,463,1.608,0.277
growth_mom,2021-12-01,463,1.04,0.436
growth_mom,2022-01-01,463,2.091,0.846
growth_mom,2022-02-01,463,-7.106,-7.357
growth_mom,2022-03-01,463,0.25,0.764
growth_mom,2022-04-01,463,2.6,1.945
growth_mom,2022-05-01,463,-0.2,-1.197
growth_mom,2022-06-01,463,1.0,0.814
growth_mom,2022-07-01,463,-0.5,0.038
growth_mom,2022-08-01,463,0.8,1.22
growth_mom,2022-09-01,463,0.7,1.159
growth_mom,2022-10-01,463,1.7,1.98
growth_mom,2022-11-01,463,3.9,3.237
growth_mom,2022-12-01,463,1.1,1.527
growth_mom,2023-01-01,463,3.5,4.203
growth_mom,2023-02-01,463,-5.1,-6.828
growth_mom,2023-03-01,463,3.0,2.197
growth_mom,2023-04-01,463,-2.11,-2.818
growth_mom,2023-05-01,463,1.6,1.445
growth_mom,2023-06-01,463,-0.7,-0.945
growth_mom,2023-07-01,463,0.4,1.347
growth_mom,2023-08-01,463,0.2,1.382
growth_mom,2023-09-01,463,0.3,0.083
growth_mom,2023-10-01,463,-2.5,-2.298
growth_mom,2023-11-01,463,2.9,3.421
growth_mom,2023-12-01,463,0.3,-0.292
growth_mom,2024-01-01,463,6.7,7.425
growth_mom,2024-02-01,463,-5.6,-6.19
growth_mom,2024-03-01,463,4.4,4.123
growth_mom,2024-04-01,463,-1.0,-1.973
growth_mom,2024-05-01,463,1.2,1.049
growth_mom,2024-06-01,463,-0.3,0.452
growth_mom,2024-07-01,463,1.8,2.156
growth_mom,2024-08-01,463,-0.9,-1.263
growth_mom,2024-09-01,463,1.2,0.742
growth_mom,2024-10-01,463,-1.6,-1.612
growth_mom,2024-11-01,463,-0.6,-1.132
growth_mom,2024-12-01,463,1.3,1.244
growth_mom,2025-01-01,463,5.4,5.183
growth_mom,2025-02-01,463,-4.0,-4.783
growth_mom,2025-03-01,463,5.35,4.995
growth_mom,2025-04-01,463,-1.15,-1.21
growth_mom,2025-05-01,463,1.368,1.342
growth_mom,2025-06-01,463,-1.271,-1.394
growth_mom,2025-07-01,463,1.771,0.982
growth_mom,2025-08-01,463,-2.034,-0.933
growth_mom,2025-09-01,463,2.903,2.16
growth_mom,2025-10-01,463,0.198,0.054
growth_mom,2025-11-01,463,-2.798,-2.973
growth_mom,2025-12-01,463,1.662,1.56
growth_mom,2026-01-01,463,4.144,3.86
growth_mom,2026-02-01,463,-4.134,-4.392
abs,2018-01-01,464,9672.309,115.027
abs,2018-02-01,464,9018.784,103.739
abs,2018-03-01,464,9594.679,115.793
abs,2018-04-01,464,9238.954,106.764
abs,2018-05-01,464,9782.09,122.256
abs,2018-06-01,464,9858.459,118.926
abs,2018-07-01,464,9375.5,107.871
abs,2018-08-01,464,9823.828,113.218
abs,2018-09-01,464,10166.748,124.992
abs,2018-10-01,464,10187.082,128.837
abs,2018-11-01,464,9908.998,120.391
abs,2018-12-01,464,10149.509,115.49
abs,2019-01-01,464,10411.757,124.613
abs,2019-02-01,464,9557.812,111.2
abs,2019-03-01,464,10131.981,124.057
abs,2019-04-01,464,9728.619,113.48
abs,2019-05-01,464,10426.736,130.859
abs,2019-06-01,464,10489.4,127.174
abs,2019-07-01,464,10000.172,115.503
abs,2019-08-01,464,10413.258,120.673
abs,2019-09-01,464,10807.253,133.625
abs,2019-10-01,464,10686.249,135.863
abs,2019-11-01,464,10424.266,127.841
abs,2019-12-01,464,10788.928,123.957
abs,2020-01-01,464,11098.933,133.844
abs,2020-02-01,464,10211.497,119.799
abs,2020-03-01,464,9787.362,120.344
abs,2020-04-01,464,7255.77,85.07
abs,2020-05-01,464,8539.497,106.134
abs,2020-06-01,464,10255.936,124.297
abs,2020-07-01,464,10475.264,121.276
abs,2020-08-01,464,10716.668,124.568
abs,2020-09-01,464,11174.941,138.793
abs,2020-10-01,464,11022.498,139.995
abs,2020-11-01,464,10803.393,133.109
abs,2020-12-01,464,11209.696,131.923
abs,2021-01-01,464,11569.292,140.624
abs,2021-02-01,464,10558.688,126.973
abs,2021-03-01,464,10231.314,125.388
abs,2021-04-01,464,9853.775,120.711
abs,2021-05-01,464,9764.356,119.634
abs,2021-06-01,464,9317.439,113.825
abs,2021-07-01,464,9207.757,112.099
abs,2021-08-01,464,9677.407,114.143
abs,2021-09-01,464,10199.987,128.19
abs,2021-10-01,464,10734.725,135.165
abs,2021-11-01,464,10922.154,135.501
abs,2021-12-01,464,11400.261,136.848
abs,2022-01-01,464,11794.633,142.696
abs,2022-02-01,464,10833.214,129.554
abs,2022-03-01,464,11149.874,133.607
abs,2022-04-01,464,12108.763,144.419
abs,2022-05-01,464,11927.131,141.718
abs,2022-06-01,464,12352.137,146.501
abs,2022-07-01,464,12426.25,147.511
abs,2022-08-01,464,12376.545,146.337
abs,2022-09-01,464,12438.427,146.808
abs,2022-10-01,464,12749.388,149.721
abs,2022-11-01,464,12494.4,146.417
abs,2022-12-01,464,12269.501,144.337
abs,2023-01-01,464,12809.359,149.87
abs,2023-02-01,464,12540.363,146.405
abs,2023-03-01,464,12979.275,151.367
abs,2023-04-01,464,12758.628,149.112
abs,2023-05-01,464,12873.455,149.959
abs,2023-06-01,464,12950.696,150.211
abs,2023-07-01,464,12769.386,147.435
abs,2023-08-01,464,13050.313,150.947
abs,2023-09-01,464,12932.86,149.874
abs,2023-10-01,464,13346.711,154.18
abs,2023-11-01,464,13146.511,151.777
abs,2023-12-01,464,12923.02,149.164
abs,2024-01-01,464,13181.5,150.997
abs,2024-02-01,464,13010.121,149.301
abs,2024-03-01,464,13439.501,152.176
abs,2024-04-01,464,13318.5,150.279
abs,2024-05-01,464,13704.737,155.084
abs,2024-06-01,464,13677.327,154.472
abs,2024-07-01,464,13814.1,156.881
abs,2024-08-01,464,13924.613,157.685
abs,2024-09-01,464,13952.502,158.024
abs,2024-10-01,464,14022.225,159.676
abs,2024-11-01,464,13797.869,156.591
abs,2024-12-01,464,13494.316,152.497
abs,2025-01-01,464,13885.651,156.634
abs,2025-02-01,464,13677.366,155.081
abs,2025-03-01,464,14465.183,163.417
abs,2025-04-01,464,14194.684,160.068
abs,2025-05-01,464,14723.379,166.863
abs,2025-06-01,464,14397.723,163.552
abs,2025-07-01,464,14733.528,167.106
abs,2025-08-01,464,14670.213,166.349
abs,2025-09-01,464,15103.443,170.475
abs,2025-10-01,464,15193.391,170.859
abs,2025-11-01,464,14964.762,167.296
abs,2025-12-01,464,14730.125,164.1
abs,2026-01-01,464,15196.5,168.622
abs,2026-02-01,464,14987.018,167.273
growth_yoy,2019-01-01,464,7.645,8.334
growth_yoy,2019-02-01,464,5.977,7.192
growth_yoy,2019-03-01,464,5.6,7.136
growth_yoy,2019-04-01,464,5.3,6.291
growth_yoy,2019-05-01,464,6.59,7.036
growth_yoy,2019-06-01,464,6.4,6.935
growth_yoy,2019-07-01,464,6.663,7.074
growth_yoy,2019-08-01,464,6.0,6.584
growth_yoy,2019-09-01,464,6.3,6.907
growth_yoy,2019-10-01,464,4.9,5.454
growth_yoy,2019-11-01,464,5.2,6.188
growth_yoy,2019-12-01,464,6.3,7.331
growth_yoy,2020-01-01,464,6.6,7.407
growth_yoy,2020-02-01,464,6.839,7.733
growth_yoy,2020-03-01,464,-3.401,-2.992
growth_yoy,2020-04-01,464,-25.418,-25.035
growth_yoy,2020-05-01,464,-18.1,-18.894
growth_yoy,2020-06-01,464,-2.226,-2.262
growth_yoy,2020-07-01,464,4.751,4.998
growth_yoy,2020-08-01,464,2.914,3.227
growth_yoy,2020-09-01,464,3.402,3.868
growth_yoy,2020-10-01,464,3.147,3.041
growth_yoy,2020-11-01,464,3.637,4.121
growth_yoy,2020-12-01,464,3.9,6.427
growth_yoy,2021-01-01,464,4.238,5.066
growth_yoy,2021-02-01,464,3.4,5.989
growth_yoy,2021-03-01,464,4.536,4.191
growth_yoy,2021-04-01,464,35.806,41.896
growth_yoy,2021-05-01,464,14.343,12.72
growth_yoy,2021-06-01,464,-9.151,-8.426
growth_yoy,2021-07-01,464,-12.1,-7.567
growth_yoy,2021-08-01,464,-9.698,-8.369
growth_yoy,2021-09-01,464,-8.724,-7.639
growth_yoy,2021-10-01,464,-2.611,-3.45
growth_yoy,2021-11-01,464,1.099,1.797
growth_yoy,2021-12-01,464,1.7,3.733
growth_yoy,2022-01-01,464,1.948,1.473
growth_yoy,2022-02-01,464,2.6,2.032
growth_yoy,2022-03-01,464,8.978,6.555
growth_yoy,2022-04-01,464,22.885,19.64
growth_yoy,2022-05-01,464,22.15,18.459
growth_yoy,2022-06-01,464,32.57,28.707
growth_yoy,2022-07-01,464,34.954,31.59
growth_yoy,2022-08-01,464,27.891,28.205
growth_yoy,2022-09-01,464,21.946,14.524
growth_yoy,2022-10-01,464,18.768,10.769
growth_yoy,2022-11-01,464,14.395,8.056
growth_yoy,2022-12-01,464,7.625,5.473
growth_yoy,2023-01-01,464,8.603,5.027
growth_yoy,2023-02-01,464,15.758,13.007
growth_yoy,2023-03-01,464,16.407,13.293
growth_yoy,2023-04-01,464,5.367,3.25
growth_yoy,2023-05-01,464,7.934,5.815
growth_yoy,2023-06-01,464,4.846,2.532
growth_yoy,2023-07-01,464,2.761,-0.052
growth_yoy,2023-08-01,464,5.444,3.151
growth_yoy,2023-09-01,464,3.975,2.088
growth_yoy,2023-10-01,464,4.685,2.978
growth_yoy,2023-11-01,464,5.219,3.66
growth_yoy,2023-12-01,464,5.326,3.345
growth_yoy,2024-01-01,464,2.905,0.752
growth_yoy,2024-02-01,464,3.746,1.978
growth_yoy,2024-03-01,464,3.546,0.534
growth_yoy,2024-04-01,464,4.388,0.782
growth_yoy,2024-05-01,464,6.457,3.418
growth_yoy,2024-06-01,464,5.611,2.837
growth_yoy,2024-07-01,464,8.181,6.407
growth_yoy,2024-08-01,464,6.699,4.464
growth_yoy,2024-09-01,464,7.884,5.438
growth_yoy,2024-10-01,464,5.061,3.565
growth_yoy,2024-11-01,464,4.955,3.172
growth_yoy,2024-12-01,464,4.421,2.235
growth_yoy,2025-01-01,464,5.342,3.733
growth_yoy,2025-02-01,464,5.129,3.871
growth_yoy,2025-03-01,464,7.632,7.387
growth_yoy,2025-04-01,464,6.579,6.514
growth_yoy,2025-05-01,464,7.433,7.595
growth_yoy,2025-06-01,464,5.267,5.878
growth_yoy,2025-07-01,464,6.656,6.518
growth_yoy,2025-08-01,464,5.355,5.494
growth_yoy,2025-09-01,464,8.249,7.879
growth_yoy,2025-10-01,464,8.352,7.003
growth_yoy,2025-11-01,464,8.457,6.836
growth_yoy,2025-12-01,464,9.158,7.609
growth_yoy,2026-01-01,464,9.44,7.654
growth_yoy,2026-02-01,464,9.575,7.862
growth_mom,2018-02-01,464,-6.757,-9.813
growth_mom,2018-03-01,464,6.386,11.62
growth_mom,2018-04-01,464,-3.708,-7.798
growth_mom,2018-05-01,464,5.879,14.511
growth_mom,2018-06-01,464,0.781,-2.724
growth_mom,2018-07-01,464,-4.899,-9.296
growth_mom,2018-08-01,464,4.782,4.957
growth_mom,2018-09-01,464,3.491,10.399
growth_mom,2018-10-01,464,0.2,3.076
growth_mom,2018-11-01,464,-2.73,-6.556
growth_mom,2018-12-01,464,2.427,-4.07
growth_mom,2019-01-01,464,2.584,7.899
growth_mom,2019-02-01,464,-8.202,-10.764
growth_mom,2019-03-01,464,6.007,11.562
growth_mom,2019-04-01,464,-3.981,-8.526
growth_mom,2019-05-01,464,7.176,15.314
growth_mom,2019-06-01,464,0.601,-2.816
growth_mom,2019-07-01,464,-4.664,-9.178
growth_mom,2019-08-01,464,4.131,4.477
growth_mom,2019-09-01,464,3.784,10.732
growth_mom,2019-10-01,464,-1.12,1.675
growth_mom,2019-11-01,464,-2.452,-5.905
growth_mom,2019-12-01,464,3.498,-3.038
growth_mom,2020-01-01,464,2.873,7.976
growth_mom,2020-02-01,464,-7.996,-10.494
growth_mom,2020-03-01,464,-4.154,0.456
growth_mom,2020-04-01,464,-25.866,-29.311
growth_mom,2020-05-01,464,17.692,24.761
growth_mom,2020-06-01,464,20.1,17.114
growth_mom,2020-07-01,464,2.139,-2.431
growth_mom,2020-08-01,464,2.305,2.715
growth_mom,2020-09-01,464,4.276,11.42
growth_mom,2020-10-01,464,-1.364,0.866
growth_mom,2020-11-01,464,-1.988,-4.919
growth_mom,2020-12-01,464,3.761,-0.891
growth_mom,2021-01-01,464,3.208,6.596
growth_mom,2021-02-01,464,-8.735,-9.707
growth_mom,2021-03-01,464,-3.101,-1.249
growth_mom,2021-04-01,464,-3.69,-3.73
growth_mom,2021-05-01,464,-0.907,-0.892
growth_mom,2021-06-01,464,-4.577,-4.856
growth_mom,2021-07-01,464,-1.177,-1.516
growth_mom,2021-08-01,464,5.101,1.823
growth_mom,2021-09-01,464,5.4,12.307
growth_mom,2021-10-01,464,5.243,5.441
growth_mom,2021-11-01,464,1.746,0.249
growth_mom,2021-12-01,464,4.377,0.994
growth_mom,2022-01-01,464,3.459,4.274
growth_mom,2022-02-01,464,-8.151,-9.21
growth_mom,2022-03-01,464,2.923,3.129
growth_mom,2022-04-01,464,8.6,8.092
growth_mom,2022-05-01,464,-1.5,-1.87
growth_mom,2022-06-01,464,3.563,3.375
growth_mom,2022-07-01,464,0.6,0.69
growth_mom,2022-08-01,464,-0.4,-0.796
growth_mom,2022-09-01,464,0.5,0.322
growth_mom,2022-10-01,464,2.5,1.984
growth_mom,2022-11-01,464,-2.0,-2.207
growth_mom,2022-12-01,464,-1.8,-1.421
growth_mom,2023-01-01,464,4.4,3.833
growth_mom,2023-02-01,464,-2.1,-2.312
growth_mom,2023-03-01,464,3.5,3.39
growth_mom,2023-04-01,464,-1.7,-1.49
growth_mom,2023-05-01,464,0.9,0.568
growth_mom,2023-06-01,464,0.6,0.168
growth_mom,2023-07-01,464,-1.4,-1.848
growth_mom,2023-08-01,464,2.2,2.382
growth_mom,2023-09-01,464,-0.9,-0.711
growth_mom,2023-10-01,464,3.2,2.873
growth_mom,2023-11-01,464,-1.5,-1.559
growth_mom,2023-12-01,464,-1.7,-1.721
growth_mom,2024-01-01,464,2.0,1.229
growth_mom,2024-02-01,464,-1.3,-1.123
growth_mom,2024-03-01,464,3.3,1.926
growth_mom,2024-04-01,464,-0.9,-1.247
growth_mom,2024-05-01,464,2.9,3.197
growth_mom,2024-06-01,464,-0.2,-0.395
growth_mom,2024-07-01,464,1.0,1.559
growth_mom,2024-08-01,464,0.8,0.512
growth_mom,2024-09-01,464,0.2,0.215
growth_mom,2024-10-01,464,0.5,1.045
growth_mom,2024-11-01,464,-1.6,-1.932
growth_mom,2024-12-01,464,-2.2,-2.614
growth_mom,2025-01-01,464,2.9,2.712
growth_mom,2025-02-01,464,-1.5,-0.991
growth_mom,2025-03-01,464,5.76,5.375
growth_mom,2025-04-01,464,-1.87,-2.049
growth_mom,2025-05-01,464,3.725,4.245
growth_mom,2025-06-01,464,-2.212,-1.984
growth_mom,2025-07-01,464,2.332,2.173
growth_mom,2025-08-01,464,-0.43,-0.453
growth_mom,2025-09-01,464,2.953,2.48
growth_mom,2025-10-01,464,0.596,0.225
growth_mom,2025-11-01,464,-1.505,-2.085
growth_mom,2025-12-01,464,-1.568,-1.91
growth_mom,2026-01-01,464,3.166,2.755
growth_mom,2026-02-01,464,-1.378,-0.8
abs,2018-01-01,465,4447.635,115.96
abs,2018-02-01,465,4167.154,110.269
abs,2018-03-01,465,4362.155,115.871
abs,2018-04-01,465,4440.558,120.228
abs,2018-05-01,465,4513.661,121.203
abs,2018-06-01,465,4335.09,113.237
abs,2018-07-01,465,4356.588,113.776
abs,2018-08-01,465,4449.479,119.801
abs,2018-09-01,465,4413.026,122.957
abs,2018-10-01,465,4446.669,120.941
abs,2018-11-01,465,4315.616,116.039
abs,2018-12-01,465,4515.143,118.809
abs,2019-01-01,465,4547.707,118.432
abs,2019-02-01,465,4242.163,111.185
abs,2019-03-01,465,4431.949,115.963
abs,2019-04-01,465,4533.81,120.877
abs,2019-05-01,465,4626.255,122.428
abs,2019-06-01,465,4413.122,114.25
abs,2019-07-01,465,4474.216,115.322
abs,2019-08-01,465,4554.293,120.242
abs,2019-09-01,465,4565.957,125.681
abs,2019-10-01,465,4570.523,122.971
abs,2019-11-01,465,4455.442,118.961
abs,2019-12-01,465,4643.373,121.378
abs,2020-01-01,465,4663.6,120.599
abs,2020-02-01,465,4335.49,113.005
abs,2020-03-01,465,4112.849,107.249
abs,2020-04-01,465,2784.045,73.081
abs,2020-05-01,465,3404.923,90.17
abs,2020-06-01,465,4194.505,109.308
abs,2020-07-01,465,4423.193,114.327
abs,2020-08-01,465,4606.142,121.917
abs,2020-09-01,465,4652.777,129.038
abs,2020-10-01,465,4648.899,125.836
abs,2020-11-01,465,4582.762,122.622
abs,2020-12-01,465,4794.11,126.992
abs,2021-01-01,465,4788.959,126.066
abs,2021-02-01,465,4445.299,117.539
abs,2021-03-01,465,4315.878,113.696
abs,2021-04-01,465,4323.229,113.757
abs,2021-05-01,465,4355.26,114.497
abs,2021-06-01,465,4045.586,106.606
abs,2021-07-01,465,3962.573,103.119
abs,2021-08-01,465,4296.128,112.898
abs,2021-09-01,465,4482.148,120.498
abs,2021-10-01,465,4658.995,125.212
abs,2021-11-01,465,4693.843,125.492
abs,2021-12-01,465,4874.031,128.84
abs,2022-01-01,465,4900.814,129.595
abs,2022-02-01,465,4538.206,118.887
abs,2022-03-01,465,4563.423,118.545
abs,2022-04-01,465,4702.386,121.66
abs,2022-05-01,465,4794.865,122.736
abs,2022-06-01,465,4972.275,126.895
abs,2022-07-01,465,4753.495,120.811
abs,2022-08-01,465,4919.868,124.043
abs,2022-09-01,465,4981.565,124.742
abs,2022-10-01,465,4827.136,119.601
abs,2022-11-01,465,4875.407,121.026
abs,2022-12-01,465,5007.043,125.439
abs,2023-01-01,465,4706.621,120.018
abs,2023-02-01,465,4626.608,117.225
abs,2023-03-01,465,4913.458,123.293
abs,2023-04-01,465,4829.912,123.031
abs,2023-05-01,465,5071.408,127.95
abs,2023-06-01,465,5025.765,125.138
abs,2023-07-01,465,4915.198,121.886
abs,2023-08-01,465,4969.266,123.545
abs,2023-09-01,465,5053.743,126.864
abs,2023-10-01,465,4993.098,124.216
abs,2023-11-01,465,5003.084,125.105
abs,2023-12-01,465,5063.121,125.537
abs,2024-01-01,465,4916.291,121.241
abs,2024-02-01,465,4704.89,115.561
abs,2024-03-01,465,4982.509,120.891
abs,2024-04-01,465,4957.566,118.589
abs,2024-05-01,465,5160.827,125.137
abs,2024-06-01,465,5145.344,124.529
abs,2024-07-01,465,5418.047,132.625
abs,2024-08-01,465,5325.941,131.403
abs,2024-09-01,465,5538.978,136.596
abs,2024-10-01,465,5406.043,134.204
abs,2024-11-01,465,5400.637,134.904
abs,2024-12-01,465,5389.835,134.173
abs,2025-01-01,465,5416.785,134.738
abs,2025-02-01,465,5189.28,129.332
abs,2025-03-01,465,5300.849,131.7
abs,2025-04-01,465,5445.032,135.06
abs,2025-05-01,465,5426.24,134.921
abs,2025-06-01,465,5345.564,133.092
abs,2025-07-01,465,5738.835,143.552
abs,2025-08-01,465,5589.571,139.46
abs,2025-09-01,465,5923.973,147.691
abs,2025-10-01,465,5945.434,148.166
abs,2025-11-01,465,5743.617,143.054
abs,2025-12-01,465,5970.713,148.065
abs,2026-01-01,465,5727.016,141.417
abs,2026-02-01,465,5449.281,134.753
growth_yoy,2019-01-01,465,2.25,2.131
growth_yoy,2019-02-01,465,1.8,0.831
growth_yoy,2019-03-01,465,1.6,0.079
growth_yoy,2019-04-01,465,2.1,0.539
growth_yoy,2019-05-01,465,2.495,1.01
growth_yoy,2019-06-01,465,1.8,0.894
growth_yoy,2019-07-01,465,2.7,1.359
growth_yoy,2019-08-01,465,2.356,0.368
growth_yoy,2019-09-01,465,3.465,2.215
growth_yoy,2019-10-01,465,2.785,1.679
growth_yoy,2019-11-01,465,3.24,2.518
growth_yoy,2019-12-01,465,2.84,2.162
growth_yoy,2020-01-01,465,2.548,1.83
growth_yoy,2020-02-01,465,2.2,1.637
growth_yoy,2020-03-01,465,-7.2,-7.514
growth_yoy,2020-04-01,465,-38.594,-39.541
growth_yoy,2020-05-01,465,-26.4,-26.348
growth_yoy,2020-06-01,465,-4.954,-4.325
growth_yoy,2020-07-01,465,-1.14,-0.863
growth_yoy,2020-08-01,465,1.138,1.393
growth_yoy,2020-09-01,465,1.901,2.671
growth_yoy,2020-10-01,465,1.715,2.33
growth_yoy,2020-11-01,465,2.858,3.077
growth_yoy,2020-12-01,465,3.246,4.626
growth_yoy,2021-01-01,465,2.688,4.533
growth_yoy,2021-02-01,465,2.533,4.012
growth_yoy,2021-03-01,465,4.936,6.011
growth_yoy,2021-04-01,465,55.286,55.66
growth_yoy,2021-05-01,465,27.911,26.979
growth_yoy,2021-06-01,465,-3.55,-2.472
growth_yoy,2021-07-01,465,-10.414,-9.803
growth_yoy,2021-08-01,465,-6.73,-7.398
growth_yoy,2021-09-01,465,-3.667,-6.618
growth_yoy,2021-10-01,465,0.217,-0.496
growth_yoy,2021-11-01,465,2.424,2.341
growth_yoy,2021-12-01,465,1.667,1.455
growth_yoy,2022-01-01,465,2.336,2.8
growth_yoy,2022-02-01,465,2.09,1.147
growth_yoy,2022-03-01,465,5.736,4.265
growth_yoy,2022-04-01,465,8.77,6.947
growth_yoy,2022-05-01,465,10.094,7.196
growth_yoy,2022-06-01,465,22.906,19.032
growth_yoy,2022-07-01,465,19.96,17.156
growth_yoy,2022-08-01,465,14.519,9.872
growth_yoy,2022-09-01,465,11.142,3.522
growth_yoy,2022-10-01,465,3.609,-4.481
growth_yoy,2022-11-01,465,3.868,-3.559
growth_yoy,2022-12-01,465,2.729,-2.639
growth_yoy,2023-01-01,465,-3.962,-7.39
growth_yoy,2023-02-01,465,1.948,-1.398
growth_yoy,2023-03-01,465,7.67,4.005
growth_yoy,2023-04-01,465,2.712,1.127
growth_yoy,2023-05-01,465,5.767,4.248
growth_yoy,2023-06-01,465,1.076,-1.385
growth_yoy,2023-07-01,465,3.402,0.891
growth_yoy,2023-08-01,465,1.004,-0.401
growth_yoy,2023-09-01,465,1.449,1.701
growth_yoy,2023-10-01,465,3.438,3.859
growth_yoy,2023-11-01,465,2.619,3.37
growth_yoy,2023-12-01,465,1.12,0.078
growth_yoy,2024-01-01,465,4.455,1.019
growth_yoy,2024-02-01,465,1.692,-1.42
growth_yoy,2024-03-01,465,1.405,-1.948
growth_yoy,2024-04-01,465,2.643,-3.61
growth_yoy,2024-05-01,465,1.763,-2.199
growth_yoy,2024-06-01,465,2.379,-0.486
growth_yoy,2024-07-01,465,10.23,8.81
growth_yoy,2024-08-01,465,7.178,6.36
growth_yoy,2024-09-01,465,9.602,7.671
growth_yoy,2024-10-01,465,8.27,8.041
growth_yoy,2024-11-01,465,7.946,7.833
growth_yoy,2024-12-01,465,6.453,6.879
growth_yoy,2025-01-01,465,10.18,11.132
growth_yoy,2025-02-01,465,10.295,11.916
growth_yoy,2025-03-01,465,6.389,8.941
growth_yoy,2025-04-01,465,9.833,13.889
growth_yoy,2025-05-01,465,5.143,7.819
growth_yoy,2025-06-01,465,3.891,6.877
growth_yoy,2025-07-01,465,5.921,8.239
growth_yoy,2025-08-01,465,4.95,6.132
growth_yoy,2025-09-01,465,6.951,8.122
growth_yoy,2025-10-01,465,9.978,10.403
growth_yoy,2025-11-01,465,6.351,6.041
growth_yoy,2025-12-01,465,10.777,10.354
growth_yoy,2026-01-01,465,5.727,4.957
growth_yoy,2026-02-01,465,5.01,4.192
growth_mom,2018-02-01,465,-6.306,-4.908
growth_mom,2018-03-01,465,4.679,5.081
growth_mom,2018-04-01,465,1.797,3.76
growth_mom,2018-05-01,465,1.646,0.811
growth_mom,2018-06-01,465,-3.956,-6.572
growth_mom,2018-07-01,465,0.496,0.476
growth_mom,2018-08-01,465,2.132,5.295
growth_mom,2018-09-01,465,-0.819,2.635
growth_mom,2018-10-01,465,0.762,-1.64
growth_mom,2018-11-01,465,-2.947,-4.053
growth_mom,2018-12-01,465,4.623,2.387
growth_mom,2019-01-01,465,0.721,-0.318
growth_mom,2019-02-01,465,-6.719,-6.119
growth_mom,2019-03-01,465,4.474,4.297
growth_mom,2019-04-01,465,2.298,4.238
growth_mom,2019-05-01,465,2.039,1.283
growth_mom,2019-06-01,465,-4.607,-6.68
growth_mom,2019-07-01,465,1.384,0.939
growth_mom,2019-08-01,465,1.79,4.266
growth_mom,2019-09-01,465,0.256,4.523
growth_mom,2019-10-01,465,0.1,-2.156
growth_mom,2019-11-01,465,-2.518,-3.261
growth_mom,2019-12-01,465,4.218,2.031
growth_mom,2020-01-01,465,0.436,-0.641
growth_mom,2020-02-01,465,-7.036,-6.297
growth_mom,2020-03-01,465,-5.135,-5.093
growth_mom,2020-04-01,465,-32.309,-31.859
growth_mom,2020-05-01,465,22.301,23.384
growth_mom,2020-06-01,465,23.189,21.225
growth_mom,2020-07-01,465,5.452,4.591
growth_mom,2020-08-01,465,4.136,6.639
growth_mom,2020-09-01,465,1.012,5.841
growth_mom,2020-10-01,465,-0.083,-2.481
growth_mom,2020-11-01,465,-1.423,-2.555
growth_mom,2020-12-01,465,4.612,3.564
growth_mom,2021-01-01,465,-0.107,-0.729
growth_mom,2021-02-01,465,-7.176,-6.764
growth_mom,2021-03-01,465,-2.911,-3.269
growth_mom,2021-04-01,465,0.17,0.054
growth_mom,2021-05-01,465,0.741,0.65
growth_mom,2021-06-01,465,-7.11,-6.892
growth_mom,2021-07-01,465,-2.052,-3.271
growth_mom,2021-08-01,465,8.418,9.483
growth_mom,2021-09-01,465,4.33,6.732
growth_mom,2021-10-01,465,3.946,3.912
growth_mom,2021-11-01,465,0.748,0.223
growth_mom,2021-12-01,465,3.839,2.668
growth_mom,2022-01-01,465,0.549,0.586
growth_mom,2022-02-01,465,-7.399,-8.263
growth_mom,2022-03-01,465,0.556,-0.288
growth_mom,2022-04-01,465,3.045,2.628
growth_mom,2022-05-01,465,1.967,0.884
growth_mom,2022-06-01,465,3.7,3.388
growth_mom,2022-07-01,465,-4.4,-4.795
growth_mom,2022-08-01,465,3.5,2.675
growth_mom,2022-09-01,465,1.254,0.564
growth_mom,2022-10-01,465,-3.1,-4.121
growth_mom,2022-11-01,465,1.0,1.191
growth_mom,2022-12-01,465,2.7,3.647
growth_mom,2023-01-01,465,-6.0,-4.321
growth_mom,2023-02-01,465,-1.7,-2.327
growth_mom,2023-03-01,465,6.2,5.176
growth_mom,2023-04-01,465,-1.7,-0.212
growth_mom,2023-05-01,465,5.0,3.998
growth_mom,2023-06-01,465,-0.9,-2.198
growth_mom,2023-07-01,465,-2.2,-2.598
growth_mom,2023-08-01,465,1.1,1.361
growth_mom,2023-09-01,465,1.7,2.686
growth_mom,2023-10-01,465,-1.2,-2.087
growth_mom,2023-11-01,465,0.2,0.715
growth_mom,2023-12-01,465,1.2,0.345
growth_mom,2024-01-01,465,-2.9,-3.422
growth_mom,2024-02-01,465,-4.3,-4.685
growth_mom,2024-03-01,465,5.901,4.612
growth_mom,2024-04-01,465,-0.501,-1.904
growth_mom,2024-05-01,465,4.1,5.521
growth_mom,2024-06-01,465,-0.3,-0.486
growth_mom,2024-07-01,465,5.3,6.501
growth_mom,2024-08-01,465,-1.7,-0.921
growth_mom,2024-09-01,465,4.0,3.952
growth_mom,2024-10-01,465,-2.4,-1.751
growth_mom,2024-11-01,465,-0.1,0.521
growth_mom,2024-12-01,465,-0.2,-0.542
growth_mom,2025-01-01,465,0.5,0.421
growth_mom,2025-02-01,465,-4.2,-4.012
growth_mom,2025-03-01,465,2.15,1.831
growth_mom,2025-04-01,465,2.72,2.551
growth_mom,2025-05-01,465,-0.345,-0.103
growth_mom,2025-06-01,465,-1.487,-1.355
growth_mom,2025-07-01,465,7.357,7.859
growth_mom,2025-08-01,465,-2.601,-2.85
growth_mom,2025-09-01,465,5.983,5.902
growth_mom,2025-10-01,465,0.362,0.321
growth_mom,2025-11-01,465,-3.394,-3.45
growth_mom,2025-12-01,465,3.954,3.504
growth_mom,2026-01-01,465,-4.082,-4.49
growth_mom,2026-02-01,465,-4.85,-4.712
abs,2018-01-01,466,19809.295,131.056
abs,2018-02-01,466,19251.424,123.999
abs,2018-03-01,466,21398.825,136.034
abs,2018-04-01,466,19918.007,128.246
abs,2018-05-01,466,20873.031,134.51
abs,2018-06-01,466,20534.006,134.315
abs,2018-07-01,466,19872.265,129.761
abs,2018-08-01,466,20852.874,136.546
abs,2018-09-01,466,21724.659,142.609
abs,2018-10-01,466,21389.705,141.263
abs,2018-11-01,466,21042.242,131.746
abs,2018-12-01,466,22026.916,139.219
abs,2019-01-01,466,21246.46,134.093
abs,2019-02-01,466,20578.618,126.137
abs,2019-03-01,466,22748.944,136.82
abs,2019-04-01,466,21238.571,129.238
abs,2019-05-01,466,21886.933,134.921
abs,2019-06-01,466,22053.522,139.75
abs,2019-07-01,466,21263.323,136.684
abs,2019-08-01,466,22187.458,145.387
abs,2019-09-01,466,22839.568,150.573
abs,2019-10-01,466,22348.276,148.831
abs,2019-11-01,466,22031.227,139.531
abs,2019-12-01,466,23546.773,149.038
abs,2020-01-01,466,22829.321,144.349
abs,2020-02-01,466,22008.832,134.987
abs,2020-03-01,466,21929.982,132.442
abs,2020-04-01,466,12878.292,78.724
abs,2020-05-01,466,12738.195,79.545
abs,2020-06-01,466,17267.908,112.235
abs,2020-07-01,466,18010.035,117.077
abs,2020-08-01,466,19190.413,126.839
abs,2020-09-01,466,19604.576,131.574
abs,2020-10-01,466,20991.78,140.625
abs,2020-11-01,466,20523.343,131.356
abs,2020-12-01,466,22033.352,139.044
abs,2021-01-01,466,21710.684,137.194
abs,2021-02-01,466,21053.534,129.461
abs,2021-03-01,466,21389.47,131.532
abs,2021-04-01,466,21781.206,134.077
abs,2021-05-01,466,21715.863,133.46
abs,2021-06-01,466,20238.851,124.523
abs,2021-07-01,466,19040.009,120.216
abs,2021-08-01,466,20169.124,125.733
abs,2021-09-01,466,20323.338,125.765
abs,2021-10-01,466,22054.178,133.065
abs,2021-11-01,466,22077.078,129.68
abs,2021-12-01,466,22549.322,131.966
abs,2022-01-01,466,22835.656,132.702
abs,2022-02-01,466,22307.623,126.674
abs,2022-03-01,466,22851.505,126.587
abs,2022-04-01,466,23201.073,126.174
abs,2022-05-01,466,23624.469,126.621
abs,2022-06-01,466,24026.085,126.938
abs,2022-07-01,466,23233.224,123.094
abs,2022-08-01,466,23558.49,127.906
abs,2022-09-01,466,23157.995,125.677
abs,2022-10-01,466,22741.151,123.46
abs,2022-11-01,466,22104.399,119.744
abs,2022-12-01,466,22480.174,122.658
abs,2023-01-01,466,22187.932,120.382
abs,2023-02-01,466,22076.992,119.377
abs,2023-03-01,466,23026.303,127.123
abs,2023-04-01,466,22957.224,126.573
abs,2023-05-01,466,23209.753,128.092
abs,2023-06-01,466,23836.416,132.959
abs,2023-07-01,466,24575.345,138.001
abs,2023-08-01,466,25017.702,138.79
abs,2023-09-01,466,25142.79,136.858
abs,2023-10-01,466,24438.792,131.54
abs,2023-11-01,466,24169.965,131.571
abs,2023-12-01,466,23879.926,130.884
abs,2024-01-01,466,24023.205,131.831
abs,2024-02-01,466,23710.904,130.485
abs,2024-03-01,466,24066.567,130.998
abs,2024-04-01,466,23922.168,130.805
abs,2024-05-01,466,24137.507,132.537
abs,2024-06-01,466,24113.33,133.92
abs,2024-07-01,466,24812.616,137.075
abs,2024-08-01,466,24663.741,137.27
abs,2024-09-01,466,24491.094,137.47
abs,2024-10-01,466,24662.532,138.902
abs,2024-11-01,466,24514.557,136.738
abs,2024-12-01,466,24735.188,137.484
abs,2025-01-01,466,24636.247,136.327
abs,2025-02-01,466,24685.52,137.147
abs,2025-03-01,466,24660.834,137.232
abs,2025-04-01,466,24581.919,137.44
abs,2025-05-01,466,24569.539,138.26
abs,2025-06-01,466,24777.774,141.526
abs,2025-07-01,466,25795.634,145.794
abs,2025-08-01,466,25853.662,146.511
abs,2025-09-01,466,25805.777,145.426
abs,2025-10-01,466,25876.279,145.783
abs,2025-11-01,466,25772.587,145.94
abs,2025-12-01,466,26090.246,147.225
abs,2026-01-01,466,25684.071,144.836
abs,2026-02-01,466,25601.958,145.198
growth_yoy,2019-01-01,466,7.255,2.317
growth_yoy,2019-02-01,466,6.894,1.724
growth_yoy,2019-03-01,466,6.309,0.578
growth_yoy,2019-04-01,466,6.63,0.773
growth_yoy,2019-05-01,466,4.857,0.306
growth_yoy,2019-06-01,466,7.4,4.046
growth_yoy,2019-07-01,466,7.0,5.335
growth_yoy,2019-08-01,466,6.4,6.475
growth_yoy,2019-09-01,466,5.132,5.584
growth_yoy,2019-10-01,466,4.481,5.357
growth_yoy,2019-11-01,466,4.7,5.909
growth_yoy,2019-12-01,466,6.9,7.053
growth_yoy,2020-01-01,466,7.45,7.648
growth_yoy,2020-02-01,466,6.95,7.016
growth_yoy,2020-03-01,466,-3.6,-3.2
growth_yoy,2020-04-01,466,-39.364,-39.086
growth_yoy,2020-05-01,466,-41.8,-41.043
growth_yoy,2020-06-01,466,-21.7,-19.689
growth_yoy,2020-07-01,466,-15.3,-14.345
growth_yoy,2020-08-01,466,-13.508,-12.757
growth_yoy,2020-09-01,466,-14.164,-12.618
growth_yoy,2020-10-01,466,-6.07,-5.514
growth_yoy,2020-11-01,466,-6.844,-5.859
growth_yoy,2020-12-01,466,-6.427,-6.705
growth_yoy,2021-01-01,466,-4.9,-4.957
growth_yoy,2021-02-01,466,-4.341,-4.094
growth_yoy,2021-03-01,466,-2.465,-0.687
growth_yoy,2021-04-01,466,69.131,70.313
growth_yoy,2021-05-01,466,70.478,67.78
growth_yoy,2021-06-01,466,17.205,10.948
growth_yoy,2021-07-01,466,5.719,2.681
growth_yoy,2021-08-01,466,5.1,-0.872
growth_yoy,2021-09-01,466,3.666,-4.415
growth_yoy,2021-10-01,466,5.061,-5.376
growth_yoy,2021-11-01,466,7.571,-1.276
growth_yoy,2021-12-01,466,2.342,-5.09
growth_yoy,2022-01-01,466,5.182,-3.274
growth_yoy,2022-02-01,466,5.957,-2.152
growth_yoy,2022-03-01,466,6.835,-3.76
growth_yoy,2022-04-01,466,6.519,-5.894
growth_yoy,2022-05-01,466,8.789,-5.125
growth_yoy,2022-06-01,466,18.713,1.94
growth_yoy,2022-07-01,466,22.023,2.394
growth_yoy,2022-08-01,466,16.805,1.729
growth_yoy,2022-09-01,466,13.948,-0.07
growth_yoy,2022-10-01,466,3.115,-7.219
growth_yoy,2022-11-01,466,0.124,-7.662
growth_yoy,2022-12-01,466,-0.307,-7.053
growth_yoy,2023-01-01,466,-2.836,-9.284
growth_yoy,2023-02-01,466,-1.034,-5.76
growth_yoy,2023-03-01,466,0.765,0.423
growth_yoy,2023-04-01,466,-1.051,0.316
growth_yoy,2023-05-01,466,-1.755,1.162
growth_yoy,2023-06-01,466,-0.789,4.743
growth_yoy,2023-07-01,466,5.777,12.11
growth_yoy,2023-08-01,466,6.194,8.51
growth_yoy,2023-09-01,466,8.571,8.896
growth_yoy,2023-10-01,466,7.465,6.545
growth_yoy,2023-11-01,466,9.345,9.877
growth_yoy,2023-12-01,466,6.227,6.707
growth_yoy,2024-01-01,466,8.271,9.51
growth_yoy,2024-02-01,466,7.401,9.304
growth_yoy,2024-03-01,466,4.518,3.048
growth_yoy,2024-04-01,466,4.203,3.344
growth_yoy,2024-05-01,466,3.997,3.47
growth_yoy,2024-06-01,466,1.162,0.723
growth_yoy,2024-07-01,466,0.965,-0.671
growth_yoy,2024-08-01,466,-1.415,-1.095
growth_yoy,2024-09-01,466,-2.592,0.447
growth_yoy,2024-10-01,466,0.916,5.596
growth_yoy,2024-11-01,466,1.426,3.927
growth_yoy,2024-12-01,466,3.582,5.042
growth_yoy,2025-01-01,466,2.552,3.411
growth_yoy,2025-02-01,466,4.11,5.106
growth_yoy,2025-03-01,466,2.469,4.759
growth_yoy,2025-04-01,466,2.758,5.072
growth_yoy,2025-05-01,466,1.79,4.318
growth_yoy,2025-06-01,466,2.756,5.68
growth_yoy,2025-07-01,466,3.962,6.36
growth_yoy,2025-08-01,466,4.825,6.732
growth_yoy,2025-09-01,466,5.368,5.788
growth_yoy,2025-10-01,466,4.921,4.954
growth_yoy,2025-11-01,466,5.132,6.729
growth_yoy,2025-12-01,466,5.478,7.086
growth_yoy,2026-01-01,466,4.253,6.241
growth_yoy,2026-02-01,466,3.712,5.87
growth_mom,2018-02-01,466,-2.816,-5.385
growth_mom,2018-03-01,466,11.155,9.705
growth_mom,2018-04-01,466,-6.92,-5.725
growth_mom,2018-05-01,466,4.795,4.884
growth_mom,2018-06-01,466,-1.624,-0.144
growth_mom,2018-07-01,466,-3.223,-3.391
growth_mom,2018-08-01,466,4.935,5.228
growth_mom,2018-09-01,466,4.181,4.441
growth_mom,2018-10-01,466,-1.542,-0.944
growth_mom,2018-11-01,466,-1.624,-6.737
growth_mom,2018-12-01,466,4.68,5.672
growth_mom,2019-01-01,466,-3.543,-3.682
growth_mom,2019-02-01,466,-3.143,-5.934
growth_mom,2019-03-01,466,10.547,8.47
growth_mom,2019-04-01,466,-6.639,-5.542
growth_mom,2019-05-01,466,3.053,4.397
growth_mom,2019-06-01,466,0.761,3.579
growth_mom,2019-07-01,466,-3.583,-2.194
growth_mom,2019-08-01,466,4.346,6.367
growth_mom,2019-09-01,466,2.939,3.567
growth_mom,2019-10-01,466,-2.151,-1.157
growth_mom,2019-11-01,466,-1.419,-6.249
growth_mom,2019-12-01,466,6.879,6.813
growth_mom,2020-01-01,466,-3.047,-3.146
growth_mom,2020-02-01,466,-3.594,-6.486
growth_mom,2020-03-01,466,-0.358,-1.885
growth_mom,2020-04-01,466,-41.275,-40.56
growth_mom,2020-05-01,466,-1.088,1.043
growth_mom,2020-06-01,466,35.56,41.096
growth_mom,2020-07-01,466,4.298,4.314
growth_mom,2020-08-01,466,6.554,8.338
growth_mom,2020-09-01,466,2.158,3.733
growth_mom,2020-10-01,466,7.076,6.879
growth_mom,2020-11-01,466,-2.232,-6.591
growth_mom,2020-12-01,466,7.358,5.853
growth_mom,2021-01-01,466,-1.464,-1.33
growth_mom,2021-02-01,466,-3.027,-5.637
growth_mom,2021-03-01,466,1.596,1.6
growth_mom,2021-04-01,466,1.831,1.935
growth_mom,2021-05-01,466,-0.3,-0.46
growth_mom,2021-06-01,466,-6.802,-6.697
growth_mom,2021-07-01,466,-5.923,-3.459
growth_mom,2021-08-01,466,5.93,4.589
growth_mom,2021-09-01,466,0.765,0.026
growth_mom,2021-10-01,466,8.517,5.805
growth_mom,2021-11-01,466,0.104,-2.544
growth_mom,2021-12-01,466,2.139,1.763
growth_mom,2022-01-01,466,1.27,0.558
growth_mom,2022-02-01,466,-2.312,-4.542
growth_mom,2022-03-01,466,2.438,-0.069
growth_mom,2022-04-01,466,1.53,-0.326
growth_mom,2022-05-01,466,1.825,0.354
growth_mom,2022-06-01,466,1.7,0.251
growth_mom,2022-07-01,466,-3.3,-3.029
growth_mom,2022-08-01,466,1.4,3.91
growth_mom,2022-09-01,466,-1.7,-1.742
growth_mom,2022-10-01,466,-1.8,-1.765
growth_mom,2022-11-01,466,-2.8,-3.009
growth_mom,2022-12-01,466,1.7,2.433
growth_mom,2023-01-01,466,-1.3,-1.856
growth_mom,2023-02-01,466,-0.5,-0.835
growth_mom,2023-03-01,466,4.3,6.488
growth_mom,2023-04-01,466,-0.3,-0.432
growth_mom,2023-05-01,466,1.1,1.2
growth_mom,2023-06-01,466,2.7,3.8
growth_mom,2023-07-01,466,3.1,3.792
growth_mom,2023-08-01,466,1.8,0.572
growth_mom,2023-09-01,466,0.5,-1.392
growth_mom,2023-10-01,466,-2.8,-3.886
growth_mom,2023-11-01,466,-1.1,0.023
growth_mom,2023-12-01,466,-1.2,-0.522
growth_mom,2024-01-01,466,0.6,0.723
growth_mom,2024-02-01,466,-1.3,-1.021
growth_mom,2024-03-01,466,1.5,0.393
growth_mom,2024-04-01,466,-0.6,-0.147
growth_mom,2024-05-01,466,0.9,1.324
growth_mom,2024-06-01,466,-0.1,1.044
growth_mom,2024-07-01,466,2.9,2.356
growth_mom,2024-08-01,466,-0.6,0.142
growth_mom,2024-09-01,466,-0.7,0.145
growth_mom,2024-10-01,466,0.7,1.042
growth_mom,2024-11-01,466,-0.6,-1.558
growth_mom,2024-12-01,466,0.9,0.545
growth_mom,2025-01-01,466,-0.4,-0.841
growth_mom,2025-02-01,466,0.2,0.601
growth_mom,2025-03-01,466,-0.1,0.062
growth_mom,2025-04-01,466,-0.32,0.151
growth_mom,2025-05-01,466,-0.05,0.597
growth_mom,2025-06-01,466,0.848,2.362
growth_mom,2025-07-01,466,4.108,3.016
growth_mom,2025-08-01,466,0.225,0.492
growth_mom,2025-09-01,466,-0.185,-0.741
growth_mom,2025-10-01,466,0.273,0.245
growth_mom,2025-11-01,466,-0.401,0.107
growth_mom,2025-12-01,466,1.233,0.881
growth_mom,2026-01-01,466,-1.557,-1.623
growth_mom,2026-02-01,466,-0.32,0.25
abs,2018-01-01,469,1363.609,115.723
abs,2018-02-01,469,1301.944,111.048
abs,2018-03-01,469,1307.049,116.808
abs,2018-04-01,469,1287.115,102.349
abs,2018-05-01,469,1396.53,118.424
abs,2018-06-01,469,1355.836,116.637
abs,2018-07-01,469,1366.878,122.19
abs,2018-08-01,469,1360.208,110.333
abs,2018-09-01,469,1449.708,121.257
abs,2018-10-01,469,1398.742,112.814
abs,2018-11-01,469,1409.897,117.141
abs,2018-12-01,469,1364.91,109.391
abs,2019-01-01,469,1439.379,125.443
abs,2019-02-01,469,1348.814,117.492
abs,2019-03-01,469,1374.744,124.713
abs,2019-04-01,469,1332.27,108.241
abs,2019-05-01,469,1414.328,122.106
abs,2019-06-01,469,1377.529,120.413
abs,2019-07-01,469,1410.618,127.106
abs,2019-08-01,469,1399.946,112.565
abs,2019-09-01,469,1475.802,122.639
abs,2019-10-01,469,1429.515,115.145
abs,2019-11-01,469,1455.789,121.429
abs,2019-12-01,469,1439.701,114.779
abs,2020-01-01,469,1488.563,129.404
abs,2020-02-01,469,1406.637,122.664
abs,2020-03-01,469,1387.117,125.711
abs,2020-04-01,469,730.406,58.935
abs,2020-05-01,469,1227.208,105.876
abs,2020-06-01,469,1331.242,115.069
abs,2020-07-01,469,1471.371,133.012
abs,2020-08-01,469,1496.131,120.504
abs,2020-09-01,469,1551.842,129.916
abs,2020-10-01,469,1520.01,121.644
abs,2020-11-01,469,1582.12,131.428
abs,2020-12-01,469,1568.72,127.173
abs,2021-01-01,469,1599.761,133.444
abs,2021-02-01,469,1496.316,127.492
abs,2021-03-01,469,1494.703,129.916
abs,2021-04-01,469,1505.599,130.058
abs,2021-05-01,469,1544.526,132.795
abs,2021-06-01,469,1474.381,127.701
abs,2021-07-01,469,1453.92,126.673
abs,2021-08-01,469,1500.655,124.207
abs,2021-09-01,469,1553.881,130.672
abs,2021-10-01,469,1558.024,129.52
abs,2021-11-01,469,1611.31,131.526
abs,2021-12-01,469,1614.649,131.163
abs,2022-01-01,469,1642.167,132.322
abs,2022-02-01,469,1547.19,126.381
abs,2022-03-01,469,1580.233,128.155
abs,2022-04-01,469,1600.878,129.681
abs,2022-05-01,469,1603.919,129.533
abs,2022-06-01,469,1616.75,130.273
abs,2022-07-01,469,1610.283,129.346
abs,2022-08-01,469,1648.93,130.658
abs,2022-09-01,469,1657.175,131.719
abs,2022-10-01,469,1650.546,131.096
abs,2022-11-01,469,1711.616,135.03
abs,2022-12-01,469,1709.905,134.098
abs,2023-01-01,469,1684.256,132.869
abs,2023-02-01,469,1642.15,129.819
abs,2023-03-01,469,1748.889,138.45
abs,2023-04-01,469,1736.647,137.494
abs,2023-05-01,469,1790.483,140.841
abs,2023-06-01,469,1801.226,141.312
abs,2023-07-01,469,1776.009,139.144
abs,2023-08-01,469,1752.921,137.638
abs,2023-09-01,469,1766.944,138.715
abs,2023-10-01,469,1743.974,136.96
abs,2023-11-01,469,1768.39,138.494
abs,2023-12-01,469,1745.4,135.553
abs,2024-01-01,469,1755.873,136.349
abs,2024-02-01,469,1731.291,134.702
abs,2024-03-01,469,1791.886,139.281
abs,2024-04-01,469,1818.764,141.163
abs,2024-05-01,469,1867.871,145.133
abs,2024-06-01,469,1912.7,148.434
abs,2024-07-01,469,1943.303,151.633
abs,2024-08-01,469,1894.72,147.973
abs,2024-09-01,469,1911.773,149.519
abs,2024-10-01,469,1871.626,147.124
abs,2024-11-01,469,1884.727,148.646
abs,2024-12-01,469,1896.035,149.456
abs,2025-01-01,469,1867.595,147.046
abs,2025-02-01,469,1871.33,147.654
abs,2025-03-01,469,1951.049,153.026
abs,2025-04-01,469,1940.123,151.87
abs,2025-05-01,469,2007.701,157.204
abs,2025-06-01,469,2084.279,163.027
abs,2025-07-01,469,2056.246,161.099
abs,2025-08-01,469,2011.206,157.809
abs,2025-09-01,469,2049.903,161.105
abs,2025-10-01,469,2053.349,161.656
abs,2025-11-01,469,1989.234,156.563
abs,2025-12-01,469,1994.596,156.878
abs,2026-01-01,469,1971.5,155.114
abs,2026-02-01,469,2014.042,158.48
growth_yoy,2019-01-01,469,5.557,8.399
growth_yoy,2019-02-01,469,3.6,5.803
growth_yoy,2019-03-01,469,5.179,6.767
growth_yoy,2019-04-01,469,3.508,5.756
growth_yoy,2019-05-01,469,1.274,3.109
growth_yoy,2019-06-01,469,1.6,3.237
growth_yoy,2019-07-01,469,3.2,4.023
growth_yoy,2019-08-01,469,2.921,2.023
growth_yoy,2019-09-01,469,1.8,1.14
growth_yoy,2019-10-01,469,2.2,2.066
growth_yoy,2019-11-01,469,3.255,3.66
growth_yoy,2019-12-01,469,5.48,4.926
growth_yoy,2020-01-01,469,3.417,3.158
growth_yoy,2020-02-01,469,4.287,4.402
growth_yoy,2020-03-01,469,0.9,0.8
growth_yoy,2020-04-01,469,-45.176,-45.552
growth_yoy,2020-05-01,469,-13.23,-13.291
growth_yoy,2020-06-01,469,-3.36,-4.438
growth_yoy,2020-07-01,469,4.307,4.646
growth_yoy,2020-08-01,469,6.871,7.053
growth_yoy,2020-09-01,469,5.152,5.933
growth_yoy,2020-10-01,469,6.331,5.644
growth_yoy,2020-11-01,469,8.678,8.234
growth_yoy,2020-12-01,469,8.962,10.798
growth_yoy,2021-01-01,469,7.47,3.122
growth_yoy,2021-02-01,469,6.375,3.936
growth_yoy,2021-03-01,469,7.756,3.345
growth_yoy,2021-04-01,469,106.132,120.68
growth_yoy,2021-05-01,469,25.857,25.424
growth_yoy,2021-06-01,469,10.752,10.978
growth_yoy,2021-07-01,469,-1.186,-4.766
growth_yoy,2021-08-01,469,0.302,3.073
growth_yoy,2021-09-01,469,0.131,0.582
growth_yoy,2021-10-01,469,2.501,6.475
growth_yoy,2021-11-01,469,1.845,0.075
growth_yoy,2021-12-01,469,2.928,3.137
growth_yoy,2022-01-01,469,2.651,-0.84
growth_yoy,2022-02-01,469,3.4,-0.871
growth_yoy,2022-03-01,469,5.722,-1.356
growth_yoy,2022-04-01,469,6.328,-0.29
growth_yoy,2022-05-01,469,3.845,-2.456
growth_yoy,2022-06-01,469,9.656,2.014
growth_yoy,2022-07-01,469,10.755,2.111
growth_yoy,2022-08-01,469,9.881,5.194
growth_yoy,2022-09-01,469,6.647,0.801
growth_yoy,2022-10-01,469,5.938,1.217
growth_yoy,2022-11-01,469,6.225,2.664
growth_yoy,2022-12-01,469,5.899,2.238
growth_yoy,2023-01-01,469,2.563,0.413
growth_yoy,2023-02-01,469,6.138,2.721
growth_yoy,2023-03-01,469,10.673,8.033
growth_yoy,2023-04-01,469,8.481,6.025
growth_yoy,2023-05-01,469,11.632,8.73
growth_yoy,2023-06-01,469,11.41,8.473
growth_yoy,2023-07-01,469,10.292,7.575
growth_yoy,2023-08-01,469,6.307,5.342
growth_yoy,2023-09-01,469,6.624,5.311
growth_yoy,2023-10-01,469,5.66,4.473
growth_yoy,2023-11-01,469,3.317,2.565
growth_yoy,2023-12-01,469,2.076,1.085
growth_yoy,2024-01-01,469,4.252,2.62
growth_yoy,2024-02-01,469,5.428,3.761
growth_yoy,2024-03-01,469,2.459,0.601
growth_yoy,2024-04-01,469,4.728,2.668
growth_yoy,2024-05-01,469,4.322,3.047
growth_yoy,2024-06-01,469,6.189,5.04
growth_yoy,2024-07-01,469,9.42,8.976
growth_yoy,2024-08-01,469,8.089,7.509
growth_yoy,2024-09-01,469,8.197,7.789
growth_yoy,2024-10-01,469,7.32,7.421
growth_yoy,2024-11-01,469,6.579,7.33
growth_yoy,2024-12-01,469,8.63,10.257
growth_yoy,2025-01-01,469,6.363,7.845
growth_yoy,2025-02-01,469,8.089,9.615
growth_yoy,2025-03-01,469,8.882,9.868
growth_yoy,2025-04-01,469,6.673,7.585
growth_yoy,2025-05-01,469,7.486,8.317
growth_yoy,2025-06-01,469,8.971,9.831
growth_yoy,2025-07-01,469,5.812,6.243
growth_yoy,2025-08-01,469,6.148,6.647
growth_yoy,2025-09-01,469,7.225,7.748
growth_yoy,2025-10-01,469,9.709,9.878
growth_yoy,2025-11-01,469,5.545,5.327
growth_yoy,2025-12-01,469,5.198,4.966
growth_yoy,2026-01-01,469,5.564,5.487
growth_yoy,2026-02-01,469,7.626,7.333
growth_mom,2018-02-01,469,-4.522,-4.04
growth_mom,2018-03-01,469,0.392,5.187
growth_mom,2018-04-01,469,-1.525,-12.379
growth_mom,2018-05-01,469,8.501,15.705
growth_mom,2018-06-01,469,-2.914,-1.509
growth_mom,2018-07-01,469,0.814,4.761
growth_mom,2018-08-01,469,-0.488,-9.704
growth_mom,2018-09-01,469,6.58,9.901
growth_mom,2018-10-01,469,-3.516,-6.963
growth_mom,2018-11-01,469,0.797,3.836
growth_mom,2018-12-01,469,-3.191,-6.616
growth_mom,2019-01-01,469,5.456,14.674
growth_mom,2019-02-01,469,-6.292,-6.338
growth_mom,2019-03-01,469,1.922,6.146
growth_mom,2019-04-01,469,-3.09,-13.208
growth_mom,2019-05-01,469,6.159,12.809
growth_mom,2019-06-01,469,-2.602,-1.386
growth_mom,2019-07-01,469,2.402,5.559
growth_mom,2019-08-01,469,-0.757,-11.44
growth_mom,2019-09-01,469,5.419,8.95
growth_mom,2019-10-01,469,-3.136,-6.111
growth_mom,2019-11-01,469,1.838,5.457
growth_mom,2019-12-01,469,-1.105,-5.476
growth_mom,2020-01-01,469,3.394,12.741
growth_mom,2020-02-01,469,-5.504,-5.208
growth_mom,2020-03-01,469,-1.388,2.484
growth_mom,2020-04-01,469,-47.344,-53.119
growth_mom,2020-05-01,469,68.017,79.649
growth_mom,2020-06-01,469,8.477,8.682
growth_mom,2020-07-01,469,10.526,15.594
growth_mom,2020-08-01,469,1.683,-9.404
growth_mom,2020-09-01,469,3.724,7.811
growth_mom,2020-10-01,469,-2.051,-6.368
growth_mom,2020-11-01,469,4.086,8.043
growth_mom,2020-12-01,469,-0.847,-3.237
growth_mom,2021-01-01,469,1.979,4.931
growth_mom,2021-02-01,469,-6.466,-4.46
growth_mom,2021-03-01,469,-0.108,1.901
growth_mom,2021-04-01,469,0.729,0.109
growth_mom,2021-05-01,469,2.585,2.104
growth_mom,2021-06-01,469,-4.542,-3.836
growth_mom,2021-07-01,469,-1.388,-0.805
growth_mom,2021-08-01,469,3.214,-1.946
growth_mom,2021-09-01,469,3.547,5.205
growth_mom,2021-10-01,469,0.267,-0.882
growth_mom,2021-11-01,469,3.42,1.549
growth_mom,2021-12-01,469,0.207,-0.276
growth_mom,2022-01-01,469,1.704,0.884
growth_mom,2022-02-01,469,-5.784,-4.49
growth_mom,2022-03-01,469,2.136,1.403
growth_mom,2022-04-01,469,1.306,1.191
growth_mom,2022-05-01,469,0.19,-0.114
growth_mom,2022-06-01,469,0.8,0.571
growth_mom,2022-07-01,469,-0.4,-0.711
growth_mom,2022-08-01,469,2.4,1.014
growth_mom,2022-09-01,469,0.5,0.812
growth_mom,2022-10-01,469,-0.4,-0.473
growth_mom,2022-11-01,469,3.7,3.001
growth_mom,2022-12-01,469,-0.1,-0.69
growth_mom,2023-01-01,469,-1.5,-0.917
growth_mom,2023-02-01,469,-2.5,-2.295
growth_mom,2023-03-01,469,6.5,6.648
growth_mom,2023-04-01,469,-0.7,-0.69
growth_mom,2023-05-01,469,3.1,2.434
growth_mom,2023-06-01,469,0.6,0.334
growth_mom,2023-07-01,469,-1.4,-1.534
growth_mom,2023-08-01,469,-1.3,-1.082
growth_mom,2023-09-01,469,0.8,0.782
growth_mom,2023-10-01,469,-1.3,-1.265
growth_mom,2023-11-01,469,1.4,1.12
growth_mom,2023-12-01,469,-1.3,-2.124
growth_mom,2024-01-01,469,0.6,0.588
growth_mom,2024-02-01,469,-1.4,-1.208
growth_mom,2024-03-01,469,3.5,3.4
growth_mom,2024-04-01,469,1.5,1.351
growth_mom,2024-05-01,469,2.7,2.813
growth_mom,2024-06-01,469,2.4,2.274
growth_mom,2024-07-01,469,1.6,2.155
growth_mom,2024-08-01,469,-2.5,-2.414
growth_mom,2024-09-01,469,0.9,1.045
growth_mom,2024-10-01,469,-2.1,-1.602
growth_mom,2024-11-01,469,0.7,1.035
growth_mom,2024-12-01,469,0.6,0.545
growth_mom,2025-01-01,469,-1.5,-1.613
growth_mom,2025-02-01,469,0.2,0.413
growth_mom,2025-03-01,469,4.26,3.638
growth_mom,2025-04-01,469,-0.56,-0.755
growth_mom,2025-05-01,469,3.483,3.512
growth_mom,2025-06-01,469,3.814,3.704
growth_mom,2025-07-01,469,-1.345,-1.182
growth_mom,2025-08-01,469,-2.19,-2.042
growth_mom,2025-09-01,469,1.924,2.088
growth_mom,2025-10-01,469,0.168,0.342
growth_mom,2025-11-01,469,-3.122,-3.15
growth_mom,2025-12-01,469,0.27,0.201
growth_mom,2026-01-01,469,-1.158,-1.125
growth_mom,2026-02-01,469,2.158,2.17
abs,2018-01-01,471,13259.987,123.038
abs,2018-02-01,471,13155.796,122.501
abs,2018-03-01,471,13909.745,123.69
abs,2018-04-01,471,13141.621,115.088
abs,2018-05-01,471,13874.785,122.921
abs,2018-06-01,471,14852.596,132.186
abs,2018-07-01,471,15165.969,134.026
abs,2018-08-01,471,14786.82,128.595
abs,2018-09-01,471,13820.03,119.368
abs,2018-10-01,471,14100.511,123.992
abs,2018-11-01,471,14561.958,130.036
abs,2018-12-01,471,15308.802,136.824
abs,2019-01-01,471,15097.821,136.213
abs,2019-02-01,471,14396.914,131.291
abs,2019-03-01,471,15008.615,129.254
abs,2019-04-01,471,14206.092,120.493
abs,2019-05-01,471,15120.611,136.028
abs,2019-06-01,471,16159.624,149.04
abs,2019-07-01,471,16394.412,148.422
abs,2019-08-01,471,15961.632,139.189
abs,2019-09-01,471,14980.913,128.024
abs,2019-10-01,471,15228.552,132.646
abs,2019-11-01,471,15776.426,140.457
abs,2019-12-01,471,16602.396,147.991
abs,2020-01-01,471,16320.793,147.018
abs,2020-02-01,471,15469.484,140.942
abs,2020-03-01,471,14963.083,128.426
abs,2020-04-01,471,12883.215,108.6
abs,2020-05-01,471,14635.38,130.968
abs,2020-06-01,471,15967.2,146.744
abs,2020-07-01,471,16771.484,150.771
abs,2020-08-01,471,16704.398,146.969
abs,2020-09-01,471,16119.744,137.479
abs,2020-10-01,471,15903.739,137.133
abs,2020-11-01,471,16132.753,142.383
abs,2020-12-01,471,16945.844,149.5
abs,2021-01-01,471,16556.09,147.595
abs,2021-02-01,471,15763.404,141.114
abs,2021-03-01,471,16057.12,141.198
abs,2021-04-01,471,15719.921,135.769
abs,2021-05-01,471,15216.883,134.776
abs,2021-06-01,471,14821.244,134.171
abs,2021-07-01,471,14966.254,134.936
abs,2021-08-01,471,15359.168,135.712
abs,2021-09-01,471,16168.103,138.218
abs,2021-10-01,471,17202.862,147.338
abs,2021-11-01,471,17736.151,153.057
abs,2021-12-01,471,17966.72,156.142
abs,2022-01-01,471,18236.221,158.22
abs,2022-02-01,471,18272.694,158.399
abs,2022-03-01,471,18656.42,161.03
abs,2022-04-01,471,19869.088,171.029
abs,2022-05-01,471,20743.327,178.095
abs,2022-06-01,471,20515.151,176.38
abs,2022-07-01,471,20822.878,179.004
abs,2022-08-01,471,21051.93,179.998
abs,2022-09-01,471,21325.605,181.756
abs,2022-10-01,471,21624.163,183.186
abs,2022-11-01,471,21970.15,185.21
abs,2022-12-01,471,22409.553,188.556
abs,2023-01-01,471,22723.287,191.281
abs,2023-02-01,471,22132.481,186.807
abs,2023-03-01,471,22353.806,189.514
abs,2023-04-01,471,23449.143,198.702
abs,2023-05-01,471,22487.728,189.316
abs,2023-06-01,471,22757.58,191.254
abs,2023-07-01,471,22689.308,189.874
abs,2023-08-01,471,22984.269,192.621
abs,2023-09-01,471,23214.111,193.916
abs,2023-10-01,471,22935.542,191.602
abs,2023-11-01,471,23394.253,194.94
abs,2023-12-01,471,23815.349,198.105
abs,2024-01-01,471,23219.966,192.727
abs,2024-02-01,471,23614.705,196.027
abs,2024-03-01,471,24228.687,201.481
abs,2024-04-01,471,24664.804,205.048
abs,2024-05-01,471,24886.787,206.366
abs,2024-06-01,471,24762.353,203.892
abs,2024-07-01,471,24430.538,201.519
abs,2024-08-01,471,24772.565,204.828
abs,2024-09-01,471,24648.702,203.488
abs,2024-10-01,471,24895.189,204.592
abs,2024-11-01,471,24671.133,201.649
abs,2024-12-01,471,25090.542,204.376
abs,2025-01-01,471,25466.9,207.324
abs,2025-02-01,471,24957.562,202.553
abs,2025-03-01,471,25806.119,209.744
abs,2025-04-01,471,25702.895,209.511
abs,2025-05-01,471,25892.583,211.087
abs,2025-06-01,471,26178.029,212.244
abs,2025-07-01,471,25777.724,209.416
abs,2025-08-01,471,26161.163,212.867
abs,2025-09-01,471,27089.659,219.967
abs,2025-10-01,471,27156.543,220.18
abs,2025-11-01,471,26819.29,216.584
abs,2025-12-01,471,27414.209,220.619
abs,2026-01-01,471,27476.088,220.197
abs,2026-02-01,471,27565.529,220.307
growth_yoy,2019-01-01,471,13.86,10.708
growth_yoy,2019-02-01,471,9.434,7.175
growth_yoy,2019-03-01,471,7.9,4.498
growth_yoy,2019-04-01,471,8.1,4.696
growth_yoy,2019-05-01,471,8.979,10.663
growth_yoy,2019-06-01,471,8.8,12.75
growth_yoy,2019-07-01,471,8.1,10.741
growth_yoy,2019-08-01,471,7.945,8.238
growth_yoy,2019-09-01,471,8.4,7.252
growth_yoy,2019-10-01,471,8.0,6.98
growth_yoy,2019-11-01,471,8.34,8.014
growth_yoy,2019-12-01,471,8.45,8.162
growth_yoy,2020-01-01,471,8.1,7.932
growth_yoy,2020-02-01,471,7.45,7.351
growth_yoy,2020-03-01,471,-0.303,-0.641
growth_yoy,2020-04-01,471,-9.312,-9.87
growth_yoy,2020-05-01,471,-3.209,-3.72
growth_yoy,2020-06-01,471,-1.191,-1.54
growth_yoy,2020-07-01,471,2.3,1.583
growth_yoy,2020-08-01,471,4.653,5.59
growth_yoy,2020-09-01,471,7.602,7.385
growth_yoy,2020-10-01,471,4.434,3.382
growth_yoy,2020-11-01,471,2.259,1.371
growth_yoy,2020-12-01,471,2.069,1.02
growth_yoy,2021-01-01,471,1.442,0.393
growth_yoy,2021-02-01,471,1.9,0.122
growth_yoy,2021-03-01,471,7.312,9.945
growth_yoy,2021-04-01,471,22.019,25.017
growth_yoy,2021-05-01,471,3.973,2.907
growth_yoy,2021-06-01,471,-7.177,-8.568
growth_yoy,2021-07-01,471,-10.764,-10.503
growth_yoy,2021-08-01,471,-8.053,-7.66
growth_yoy,2021-09-01,471,0.3,0.538
growth_yoy,2021-10-01,471,8.169,7.442
growth_yoy,2021-11-01,471,9.939,7.497
growth_yoy,2021-12-01,471,6.024,4.442
growth_yoy,2022-01-01,471,10.148,7.199
growth_yoy,2022-02-01,471,15.918,12.249
growth_yoy,2022-03-01,471,16.188,14.045
growth_yoy,2022-04-01,471,26.394,25.97
growth_yoy,2022-05-01,471,36.318,32.142
growth_yoy,2022-06-01,471,38.417,31.459
growth_yoy,2022-07-01,471,39.132,32.658
growth_yoy,2022-08-01,471,37.064,32.632
growth_yoy,2022-09-01,471,31.899,31.499
growth_yoy,2022-10-01,471,25.701,24.33
growth_yoy,2022-11-01,471,23.872,21.008
growth_yoy,2022-12-01,471,24.728,20.759
growth_yoy,2023-01-01,471,24.605,20.895
growth_yoy,2023-02-01,471,21.123,17.935
growth_yoy,2023-03-01,471,19.818,17.689
growth_yoy,2023-04-01,471,18.018,16.18
growth_yoy,2023-05-01,471,8.409,6.301
growth_yoy,2023-06-01,471,10.931,8.433
growth_yoy,2023-07-01,471,8.963,6.073
growth_yoy,2023-08-01,471,9.179,7.013
growth_yoy,2023-09-01,471,8.856,6.691
growth_yoy,2023-10-01,471,6.064,4.594
growth_yoy,2023-11-01,471,6.482,5.253
growth_yoy,2023-12-01,471,6.273,5.064
growth_yoy,2024-01-01,471,2.186,0.756
growth_yoy,2024-02-01,471,6.697,4.935
growth_yoy,2024-03-01,471,8.387,6.314
growth_yoy,2024-04-01,471,5.184,3.194
growth_yoy,2024-05-01,471,10.668,9.006
growth_yoy,2024-06-01,471,8.809,6.608
growth_yoy,2024-07-01,471,7.674,6.133
growth_yoy,2024-08-01,471,7.781,6.337
growth_yoy,2024-09-01,471,6.18,4.936
growth_yoy,2024-10-01,471,8.544,6.78
growth_yoy,2024-11-01,471,5.458,3.442
growth_yoy,2024-12-01,471,5.354,3.166
growth_yoy,2025-01-01,471,9.677,7.574
growth_yoy,2025-02-01,471,5.687,3.329
growth_yoy,2025-03-01,471,6.511,4.102
growth_yoy,2025-04-01,471,4.209,2.177
growth_yoy,2025-05-01,471,4.041,2.288
growth_yoy,2025-06-01,471,5.717,4.096
growth_yoy,2025-07-01,471,5.514,3.919
growth_yoy,2025-08-01,471,5.605,3.925
growth_yoy,2025-09-01,471,9.903,8.098
growth_yoy,2025-10-01,471,9.083,7.619
growth_yoy,2025-11-01,471,8.707,7.406
growth_yoy,2025-12-01,471,9.261,7.948
growth_yoy,2026-01-01,471,7.889,6.209
growth_yoy,2026-02-01,471,10.45,8.765
growth_mom,2018-02-01,471,-0.786,-0.436
growth_mom,2018-03-01,471,5.731,0.971
growth_mom,2018-04-01,471,-5.522,-6.955
growth_mom,2018-05-01,471,5.579,6.806
growth_mom,2018-06-01,471,7.047,7.538
growth_mom,2018-07-01,471,2.11,1.392
growth_mom,2018-08-01,471,-2.5,-4.052
growth_mom,2018-09-01,471,-6.538,-7.176
growth_mom,2018-10-01,471,2.03,3.874
growth_mom,2018-11-01,471,3.273,4.875
growth_mom,2018-12-01,471,5.129,5.22
growth_mom,2019-01-01,471,-1.378,-0.447
growth_mom,2019-02-01,471,-4.642,-3.614
growth_mom,2019-03-01,471,4.249,-1.551
growth_mom,2019-04-01,471,-5.347,-6.779
growth_mom,2019-05-01,471,6.438,12.893
growth_mom,2019-06-01,471,6.872,9.566
growth_mom,2019-07-01,471,1.453,-0.415
growth_mom,2019-08-01,471,-2.64,-6.221
growth_mom,2019-09-01,471,-6.144,-8.021
growth_mom,2019-10-01,471,1.653,3.61
growth_mom,2019-11-01,471,3.598,5.888
growth_mom,2019-12-01,471,5.235,5.364
growth_mom,2020-01-01,471,-1.696,-0.658
growth_mom,2020-02-01,471,-5.216,-4.133
growth_mom,2020-03-01,471,-3.274,-8.88
growth_mom,2020-04-01,471,-13.9,-15.437
growth_mom,2020-05-01,471,13.6,20.596
growth_mom,2020-06-01,471,9.1,12.046
growth_mom,2020-07-01,471,5.037,2.744
growth_mom,2020-08-01,471,-0.4,-2.521
growth_mom,2020-09-01,471,-3.5,-6.458
growth_mom,2020-10-01,471,-1.34,-0.252
growth_mom,2020-11-01,471,1.44,3.828
growth_mom,2020-12-01,471,5.04,4.999
growth_mom,2021-01-01,471,-2.3,-1.274
growth_mom,2021-02-01,471,-4.788,-4.391
growth_mom,2021-03-01,471,1.863,0.06
growth_mom,2021-04-01,471,-2.1,-3.845
growth_mom,2021-05-01,471,-3.2,-0.732
growth_mom,2021-06-01,471,-2.6,-0.448
growth_mom,2021-07-01,471,0.978,0.57
growth_mom,2021-08-01,471,2.625,0.575
growth_mom,2021-09-01,471,5.267,1.847
growth_mom,2021-10-01,471,6.4,6.598
growth_mom,2021-11-01,471,3.1,3.881
growth_mom,2021-12-01,471,1.3,2.015
growth_mom,2022-01-01,471,1.5,1.331
growth_mom,2022-02-01,471,0.2,0.113
growth_mom,2022-03-01,471,2.1,1.661
growth_mom,2022-04-01,471,6.5,6.209
growth_mom,2022-05-01,471,4.4,4.132
growth_mom,2022-06-01,471,-1.1,-0.963
growth_mom,2022-07-01,471,1.5,1.488
growth_mom,2022-08-01,471,1.1,0.555
growth_mom,2022-09-01,471,1.3,0.976
growth_mom,2022-10-01,471,1.4,0.787
growth_mom,2022-11-01,471,1.6,1.105
growth_mom,2022-12-01,471,2.0,1.806
growth_mom,2023-01-01,471,1.4,1.445
growth_mom,2023-02-01,471,-2.6,-2.339
growth_mom,2023-03-01,471,1.0,1.449
growth_mom,2023-04-01,471,4.9,4.848
growth_mom,2023-05-01,471,-4.1,-4.723
growth_mom,2023-06-01,471,1.2,1.023
growth_mom,2023-07-01,471,-0.3,-0.721
growth_mom,2023-08-01,471,1.3,1.447
growth_mom,2023-09-01,471,1.0,0.672
growth_mom,2023-10-01,471,-1.2,-1.193
growth_mom,2023-11-01,471,2.0,1.742
growth_mom,2023-12-01,471,1.8,1.624
growth_mom,2024-01-01,471,-2.5,-2.714
growth_mom,2024-02-01,471,1.7,1.712
growth_mom,2024-03-01,471,2.6,2.782
growth_mom,2024-04-01,471,1.8,1.771
growth_mom,2024-05-01,471,0.9,0.643
growth_mom,2024-06-01,471,-0.5,-1.199
growth_mom,2024-07-01,471,-1.34,-1.164
growth_mom,2024-08-01,471,1.4,1.642
growth_mom,2024-09-01,471,-0.5,-0.654
growth_mom,2024-10-01,471,1.0,0.543
growth_mom,2024-11-01,471,-0.9,-1.439
growth_mom,2024-12-01,471,1.7,1.352
growth_mom,2025-01-01,471,1.5,1.443
growth_mom,2025-02-01,471,-2.0,-2.301
growth_mom,2025-03-01,471,3.4,3.55
growth_mom,2025-04-01,471,-0.4,-0.111
growth_mom,2025-05-01,471,0.738,0.752
growth_mom,2025-06-01,471,1.102,0.548
growth_mom,2025-07-01,471,-1.529,-1.333
growth_mom,2025-08-01,471,1.487,1.648
growth_mom,2025-09-01,471,3.549,3.335
growth_mom,2025-10-01,471,0.247,0.097
growth_mom,2025-11-01,471,-1.242,-1.633
growth_mom,2025-12-01,471,2.218,1.863
growth_mom,2026-01-01,471,0.226,-0.192
growth_mom,2026-02-01,471,0.326,0.05
abs,2018-01-01,472,2313.27,127.06
abs,2018-02-01,472,2256.156,123.331
abs,2018-03-01,472,2333.399,125.683
abs,2018-04-01,472,2311.645,125.107
abs,2018-05-01,472,2370.145,125.033
abs,2018-06-01,472,2436.61,135.832
abs,2018-07-01,472,2432.99,131.548
abs,2018-08-01,472,2482.281,130.132
abs,2018-09-01,472,2332.558,128.814
abs,2018-10-01,472,2379.259,132.961
abs,2018-11-01,472,2414.098,131.452
abs,2018-12-01,472,2486.526,135.633
abs,2019-01-01,472,2493.706,137.907
abs,2019-02-01,472,2456.592,134.134
abs,2019-03-01,472,2552.738,137.102
abs,2019-04-01,472,2515.07,135.525
abs,2019-05-01,472,2597.665,137.1
abs,2019-06-01,472,2661.197,148.206
abs,2019-07-01,472,2688.454,144.616
abs,2019-08-01,472,2720.58,141.647
abs,2019-09-01,472,2533.158,138.162
abs,2019-10-01,472,2574.359,142.168
abs,2019-11-01,472,2616.01,140.77
abs,2019-12-01,472,2700.368,145.825
abs,2020-01-01,472,2692.437,147.818
abs,2020-02-01,472,2641.132,143.331
abs,2020-03-01,472,2619.109,140.533
abs,2020-04-01,472,2564.108,137.859
abs,2020-05-01,472,2629.45,138.596
abs,2020-06-01,472,2751.678,152.847
abs,2020-07-01,472,2847.986,153.003
abs,2020-08-01,472,2875.654,149.533
abs,2020-09-01,472,2740.498,148.557
abs,2020-10-01,472,2731.232,148.014
abs,2020-11-01,472,2780.818,148.777
abs,2020-12-01,472,2874.541,154.215
abs,2021-01-01,472,2854.42,153.001
abs,2021-02-01,472,2804.882,150.285
abs,2021-03-01,472,2816.101,150.86
abs,2021-04-01,472,2821.733,151.048
abs,2021-05-01,472,2799.16,149.815
abs,2021-06-01,472,2737.578,148.014
abs,2021-07-01,472,2770.429,146.394
abs,2021-08-01,472,2836.919,148.192
abs,2021-09-01,472,2916.353,156.931
abs,2021-10-01,472,2968.847,158.914
abs,2021-11-01,472,3034.162,160.851
abs,2021-12-01,472,3058.435,160.5
abs,2022-01-01,472,3095.137,162.057
abs,2022-02-01,472,3045.614,159.892
abs,2022-03-01,472,3094.344,162.056
abs,2022-04-01,472,3258.344,170.091
abs,2022-05-01,472,3346.32,174.32
abs,2022-06-01,472,3326.242,172.541
abs,2022-07-01,472,3339.547,172.969
abs,2022-08-01,472,3349.565,173.101
abs,2022-09-01,472,3373.012,173.382
abs,2022-10-01,472,3406.743,174.384
abs,2022-11-01,472,3471.471,176.535
abs,2022-12-01,472,3547.843,179.721
abs,2023-01-01,472,3636.539,183.183
abs,2023-02-01,472,3607.447,181.302
abs,2023-03-01,472,3647.129,183.119
abs,2023-04-01,472,3749.248,189.24
abs,2023-05-01,472,3681.762,185.013
abs,2023-06-01,472,3744.352,187.481
abs,2023-07-01,472,3757.457,187.732
abs,2023-08-01,472,3795.032,189.958
abs,2023-09-01,472,3825.392,191.393
abs,2023-10-01,472,3775.662,189.201
abs,2023-11-01,472,3828.521,191.898
abs,2023-12-01,472,3899.349,194.243
abs,2024-01-01,472,3860.355,191.886
abs,2024-02-01,472,3895.098,194.023
abs,2024-03-01,472,3961.315,197.346
abs,2024-04-01,472,4020.735,200.436
abs,2024-05-01,472,4036.818,200.737
abs,2024-06-01,472,4069.112,201.238
abs,2024-07-01,472,3999.937,199.344
abs,2024-08-01,472,4051.936,202.22
abs,2024-09-01,472,4100.56,204.15
abs,2024-10-01,472,4116.962,204.951
abs,2024-11-01,472,4075.792,202.382
abs,2024-12-01,472,4132.853,204.081
abs,2025-01-01,472,4198.979,207.74
abs,2025-02-01,472,4144.392,204.181
abs,2025-03-01,472,4281.157,210.552
abs,2025-04-01,472,4332.531,213.251
abs,2025-05-01,472,4296.784,211.54
abs,2025-06-01,472,4334.303,212.736
abs,2025-07-01,472,4245.59,209.474
abs,2025-08-01,472,4275.825,210.868
abs,2025-09-01,472,4354.591,214.306
abs,2025-10-01,472,4401.001,216.689
abs,2025-11-01,472,4334.257,212.326
abs,2025-12-01,472,4400.424,214.327
abs,2026-01-01,472,4432.231,215.964
abs,2026-02-01,472,4465.541,217.392
growth_yoy,2019-01-01,472,7.8,8.537
growth_yoy,2019-02-01,472,8.884,8.759
growth_yoy,2019-03-01,472,9.4,9.085
growth_yoy,2019-04-01,472,8.8,8.327
growth_yoy,2019-05-01,472,9.599,9.651
growth_yoy,2019-06-01,472,9.217,9.11
growth_yoy,2019-07-01,472,10.5,9.933
growth_yoy,2019-08-01,472,9.6,8.849
growth_yoy,2019-09-01,472,8.6,7.257
growth_yoy,2019-10-01,472,8.2,6.924
growth_yoy,2019-11-01,472,8.364,7.089
growth_yoy,2019-12-01,472,8.6,7.515
growth_yoy,2020-01-01,472,7.969,7.187
growth_yoy,2020-02-01,472,7.512,6.856
growth_yoy,2020-03-01,472,2.6,2.503
growth_yoy,2020-04-01,472,1.95,1.723
growth_yoy,2020-05-01,472,1.224,1.091
growth_yoy,2020-06-01,472,3.4,3.131
growth_yoy,2020-07-01,472,5.934,5.799
growth_yoy,2020-08-01,472,5.7,5.568
growth_yoy,2020-09-01,472,8.185,7.524
growth_yoy,2020-10-01,472,6.094,4.112
growth_yoy,2020-11-01,472,6.3,5.688
growth_yoy,2020-12-01,472,6.45,5.753
growth_yoy,2021-01-01,472,6.016,3.506
growth_yoy,2021-02-01,472,6.2,4.852
growth_yoy,2021-03-01,472,7.521,7.349
growth_yoy,2021-04-01,472,10.047,9.567
growth_yoy,2021-05-01,472,6.454,8.095
growth_yoy,2021-06-01,472,-0.512,-3.162
growth_yoy,2021-07-01,472,-2.723,-4.32
growth_yoy,2021-08-01,472,-1.347,-0.897
growth_yoy,2021-09-01,472,6.417,5.637
growth_yoy,2021-10-01,472,8.7,7.364
growth_yoy,2021-11-01,472,9.11,8.115
growth_yoy,2021-12-01,472,6.397,4.075
growth_yoy,2022-01-01,472,8.433,5.919
growth_yoy,2022-02-01,472,8.583,6.393
growth_yoy,2022-03-01,472,9.88,7.421
growth_yoy,2022-04-01,472,15.473,12.607
growth_yoy,2022-05-01,472,19.547,16.357
growth_yoy,2022-06-01,472,21.503,16.571
growth_yoy,2022-07-01,472,20.543,18.154
growth_yoy,2022-08-01,472,18.071,16.809
growth_yoy,2022-09-01,472,15.659,10.483
growth_yoy,2022-10-01,472,14.75,9.735
growth_yoy,2022-11-01,472,14.413,9.751
growth_yoy,2022-12-01,472,16.002,11.975
growth_yoy,2023-01-01,472,17.492,13.036
growth_yoy,2023-02-01,472,18.447,13.391
growth_yoy,2023-03-01,472,17.864,12.997
growth_yoy,2023-04-01,472,15.066,11.258
growth_yoy,2023-05-01,472,10.024,6.134
growth_yoy,2023-06-01,472,12.57,8.659
growth_yoy,2023-07-01,472,12.514,8.535
growth_yoy,2023-08-01,472,13.299,9.739
growth_yoy,2023-09-01,472,13.412,10.388
growth_yoy,2023-10-01,472,10.829,8.497
growth_yoy,2023-11-01,472,10.285,8.702
growth_yoy,2023-12-01,472,9.908,8.081
growth_yoy,2024-01-01,472,6.155,4.751
growth_yoy,2024-02-01,472,7.974,7.016
growth_yoy,2024-03-01,472,8.615,7.769
growth_yoy,2024-04-01,472,7.241,5.916
growth_yoy,2024-05-01,472,9.644,8.499
growth_yoy,2024-06-01,472,8.673,7.338
growth_yoy,2024-07-01,472,6.453,6.186
growth_yoy,2024-08-01,472,6.77,6.455
growth_yoy,2024-09-01,472,7.193,6.665
growth_yoy,2024-10-01,472,9.039,8.324
growth_yoy,2024-11-01,472,6.459,5.464
growth_yoy,2024-12-01,472,5.988,5.064
growth_yoy,2025-01-01,472,8.772,8.262
growth_yoy,2025-02-01,472,6.4,5.236
growth_yoy,2025-03-01,472,8.074,6.692
growth_yoy,2025-04-01,472,7.755,6.393
growth_yoy,2025-05-01,472,6.44,5.382
growth_yoy,2025-06-01,472,6.517,5.713
growth_yoy,2025-07-01,472,6.141,5.082
growth_yoy,2025-08-01,472,5.525,4.276
growth_yoy,2025-09-01,472,6.195,4.975
growth_yoy,2025-10-01,472,6.899,5.728
growth_yoy,2025-11-01,472,6.341,4.913
growth_yoy,2025-12-01,472,6.474,5.021
growth_yoy,2026-01-01,472,5.555,3.958
growth_yoy,2026-02-01,472,7.749,6.47
growth_mom,2018-02-01,472,-2.469,-2.935
growth_mom,2018-03-01,472,3.424,1.907
growth_mom,2018-04-01,472,-0.932,-0.459
growth_mom,2018-05-01,472,2.531,-0.059
growth_mom,2018-06-01,472,2.804,8.637
growth_mom,2018-07-01,472,-0.149,-3.153
growth_mom,2018-08-01,472,2.026,-1.077
growth_mom,2018-09-01,472,-6.032,-1.013
growth_mom,2018-10-01,472,2.002,3.22
growth_mom,2018-11-01,472,1.464,-1.135
growth_mom,2018-12-01,472,3.0,3.181
growth_mom,2019-01-01,472,0.289,1.677
growth_mom,2019-02-01,472,-1.488,-2.736
growth_mom,2019-03-01,472,3.914,2.212
growth_mom,2019-04-01,472,-1.476,-1.15
growth_mom,2019-05-01,472,3.284,1.162
growth_mom,2019-06-01,472,2.446,8.101
growth_mom,2019-07-01,472,1.024,-2.422
growth_mom,2019-08-01,472,1.195,-2.053
growth_mom,2019-09-01,472,-6.889,-2.46
growth_mom,2019-10-01,472,1.626,2.899
growth_mom,2019-11-01,472,1.618,-0.983
growth_mom,2019-12-01,472,3.225,3.591
growth_mom,2020-01-01,472,-0.294,1.367
growth_mom,2020-02-01,472,-1.906,-3.036
growth_mom,2020-03-01,472,-0.834,-1.952
growth_mom,2020-04-01,472,-2.1,-1.903
growth_mom,2020-05-01,472,2.548,0.534
growth_mom,2020-06-01,472,4.648,10.282
growth_mom,2020-07-01,472,3.5,0.102
growth_mom,2020-08-01,472,0.971,-2.268
growth_mom,2020-09-01,472,-4.7,-0.653
growth_mom,2020-10-01,472,-0.338,-0.366
growth_mom,2020-11-01,472,1.816,0.516
growth_mom,2020-12-01,472,3.37,3.655
growth_mom,2021-01-01,472,-0.7,-0.788
growth_mom,2021-02-01,472,-1.735,-1.775
growth_mom,2021-03-01,472,0.4,0.383
growth_mom,2021-04-01,472,0.2,0.124
growth_mom,2021-05-01,472,-0.8,-0.816
growth_mom,2021-06-01,472,-2.2,-1.202
growth_mom,2021-07-01,472,1.2,-1.095
growth_mom,2021-08-01,472,2.4,1.228
growth_mom,2021-09-01,472,2.8,5.897
growth_mom,2021-10-01,472,1.8,1.264
growth_mom,2021-11-01,472,2.2,1.219
growth_mom,2021-12-01,472,0.8,-0.218
growth_mom,2022-01-01,472,1.2,0.97
growth_mom,2022-02-01,472,-1.6,-1.336
growth_mom,2022-03-01,472,1.6,1.354
growth_mom,2022-04-01,472,5.3,4.958
growth_mom,2022-05-01,472,2.7,2.486
growth_mom,2022-06-01,472,-0.6,-1.02
growth_mom,2022-07-01,472,0.4,0.248
growth_mom,2022-08-01,472,0.3,0.076
growth_mom,2022-09-01,472,0.7,0.163
growth_mom,2022-10-01,472,1.0,0.578
growth_mom,2022-11-01,472,1.9,1.234
growth_mom,2022-12-01,472,2.2,1.804
growth_mom,2023-01-01,472,2.5,1.926
growth_mom,2023-02-01,472,-0.8,-1.027
growth_mom,2023-03-01,472,1.1,1.002
growth_mom,2023-04-01,472,2.8,3.343
growth_mom,2023-05-01,472,-1.8,-2.234
growth_mom,2023-06-01,472,1.7,1.334
growth_mom,2023-07-01,472,0.35,0.134
growth_mom,2023-08-01,472,1.0,1.186
growth_mom,2023-09-01,472,0.8,0.755
growth_mom,2023-10-01,472,-1.3,-1.145
growth_mom,2023-11-01,472,1.4,1.425
growth_mom,2023-12-01,472,1.85,1.222
growth_mom,2024-01-01,472,-1.0,-1.214
growth_mom,2024-02-01,472,0.9,1.113
growth_mom,2024-03-01,472,1.7,1.713
growth_mom,2024-04-01,472,1.5,1.566
growth_mom,2024-05-01,472,0.4,0.15
growth_mom,2024-06-01,472,0.8,0.25
growth_mom,2024-07-01,472,-1.7,-0.941
growth_mom,2024-08-01,472,1.3,1.443
growth_mom,2024-09-01,472,1.2,0.954
growth_mom,2024-10-01,472,0.4,0.392
growth_mom,2024-11-01,472,-1.0,-1.253
growth_mom,2024-12-01,472,1.4,0.839
growth_mom,2025-01-01,472,1.6,1.793
growth_mom,2025-02-01,472,-1.3,-1.713
growth_mom,2025-03-01,472,3.3,3.12
growth_mom,2025-04-01,472,1.2,1.282
growth_mom,2025-05-01,472,-0.825,-0.802
growth_mom,2025-06-01,472,0.873,0.565
growth_mom,2025-07-01,472,-2.047,-1.533
growth_mom,2025-08-01,472,0.712,0.665
growth_mom,2025-09-01,472,1.842,1.63
growth_mom,2025-10-01,472,1.066,1.112
growth_mom,2025-11-01,472,-1.517,-2.014
growth_mom,2025-12-01,472,1.527,0.942
growth_mom,2026-01-01,472,0.723,0.764
growth_mom,2026-02-01,472,0.752,0.661
abs,2018-01-01,473,3365.865,114.034
abs,2018-02-01,473,3439.926,110.848
abs,2018-03-01,473,3566.526,170.278
abs,2018-04-01,473,3422.848,135.535
abs,2018-05-01,473,3510.572,125.083
abs,2018-06-01,473,3615.234,136.82
abs,2018-07-01,473,3690.974,133.529
abs,2018-08-01,473,3705.212,135.423
abs,2018-09-01,473,3591.084,136.625
abs,2018-10-01,473,3603.779,138.432
abs,2018-11-01,473,3659.834,141.776
abs,2018-12-01,473,3671.274,135.923
abs,2019-01-01,473,3601.105,122.436
abs,2019-02-01,473,3633.25,118.497
abs,2019-03-01,473,3716.32,180.625
abs,2019-04-01,473,3535.802,143.24
abs,2019-05-01,473,3633.943,132.519
abs,2019-06-01,473,3777.919,150.01
abs,2019-07-01,473,3808.478,145.661
abs,2019-08-01,473,3812.663,146.154
abs,2019-09-01,473,3734.728,147.785
abs,2019-10-01,473,3731.713,149.486
abs,2019-11-01,473,3802.568,154.684
abs,2019-12-01,473,3821.796,148.175
abs,2020-01-01,473,3723.413,133.038
abs,2020-02-01,473,3746.557,127.685
abs,2020-03-01,473,3182.613,156.006
abs,2020-04-01,473,1546.75,63.669
abs,2020-05-01,473,2645.508,98.576
abs,2020-06-01,473,3181.008,128.114
abs,2020-07-01,473,3519.076,135.715
abs,2020-08-01,473,3600.014,139.533
abs,2020-09-01,473,3468.633,138.953
abs,2020-10-01,473,3373.865,137.024
abs,2020-11-01,473,3245.658,133.301
abs,2020-12-01,473,3421.222,137.425
abs,2021-01-01,473,3198.412,125.448
abs,2021-02-01,473,3160.031,120.237
abs,2021-03-01,473,3702.97,139.495
abs,2021-04-01,473,3416.36,129.06
abs,2021-05-01,473,3350.083,115.471
abs,2021-06-01,473,2492.462,85.655
abs,2021-07-01,473,3023.356,107.095
abs,2021-08-01,473,3377.089,121.512
abs,2021-09-01,473,3652.47,136.001
abs,2021-10-01,473,3805.874,141.953
abs,2021-11-01,473,3836.321,142.322
abs,2021-12-01,473,3801.794,142.059
abs,2022-01-01,473,3820.803,142.205
abs,2022-02-01,473,3732.925,138.503
abs,2022-03-01,473,3990.497,145.196
abs,2022-04-01,473,4704.795,169.3
abs,2022-05-01,473,5179.98,180.577
abs,2022-06-01,473,5159.26,179.734
abs,2022-07-01,473,5252.127,183.411
abs,2022-08-01,473,5199.605,182.997
abs,2022-09-01,473,5272.4,186.697
abs,2022-10-01,473,5330.396,189.518
abs,2022-11-01,473,5405.022,192.152
abs,2022-12-01,473,5491.502,196.915
abs,2023-01-01,473,5540.926,199.996
abs,2023-02-01,473,5446.73,196.854
abs,2023-03-01,473,5512.091,199.406
abs,2023-04-01,473,5627.844,203.658
abs,2023-05-01,473,5492.776,198.89
abs,2023-06-01,473,5597.139,202.552
abs,2023-07-01,473,5535.57,200.038
abs,2023-08-01,473,5662.889,204.372
abs,2023-09-01,473,5560.957,201.193
abs,2023-10-01,473,5588.761,201.395
abs,2023-11-01,473,5560.818,200.202
abs,2023-12-01,473,5621.987,202.45
abs,2024-01-01,473,5593.877,201.452
abs,2024-02-01,473,5633.034,203.089
abs,2024-03-01,473,5734.428,206.448
abs,2024-04-01,473,5903.021,212.165
abs,2024-05-01,473,5938.439,213.738
abs,2024-06-01,473,5879.054,210.206
abs,2024-07-01,473,5926.087,211.554
abs,2024-08-01,473,5961.643,213.124
abs,2024-09-01,473,5931.835,213.644
abs,2024-10-01,473,5997.085,216.745
abs,2024-11-01,473,5913.126,213.382
abs,2024-12-01,473,5989.997,216.479
abs,2025-01-01,473,6031.927,217.221
abs,2025-02-01,473,5971.607,214.418
abs,2025-03-01,473,6186.585,222.309
abs,2025-04-01,473,6236.078,224.208
abs,2025-05-01,473,6279.73,226.238
abs,2025-06-01,473,6230.885,224.446
abs,2025-07-01,473,6316.979,227.102
abs,2025-08-01,473,6278.431,226.324
abs,2025-09-01,473,6347.508,228.636
abs,2025-10-01,473,6426.211,236.234
abs,2025-11-01,473,6308.997,231.008
abs,2025-12-01,473,6434.166,235.739
abs,2026-01-01,473,6452.372,237.395
abs,2026-02-01,473,6341.164,233.117
growth_yoy,2019-01-01,473,6.989,7.368
growth_yoy,2019-02-01,473,5.62,6.901
growth_yoy,2019-03-01,473,4.2,6.077
growth_yoy,2019-04-01,473,3.3,5.685
growth_yoy,2019-05-01,473,3.514,5.945
growth_yoy,2019-06-01,473,4.5,9.64
growth_yoy,2019-07-01,473,3.184,9.086
growth_yoy,2019-08-01,473,2.9,7.924
growth_yoy,2019-09-01,473,4.0,8.168
growth_yoy,2019-10-01,473,3.55,7.985
growth_yoy,2019-11-01,473,3.9,9.104
growth_yoy,2019-12-01,473,4.1,9.014
growth_yoy,2020-01-01,473,3.396,8.66
growth_yoy,2020-02-01,473,3.119,7.753
growth_yoy,2020-03-01,473,-14.361,-13.63
growth_yoy,2020-04-01,473,-56.255,-55.551
growth_yoy,2020-05-01,473,-27.2,-25.614
growth_yoy,2020-06-01,473,-15.8,-14.596
growth_yoy,2020-07-01,473,-7.599,-6.829
growth_yoy,2020-08-01,473,-5.577,-4.53
growth_yoy,2020-09-01,473,-7.125,-5.976
growth_yoy,2020-10-01,473,-9.589,-8.337
growth_yoy,2020-11-01,473,-14.646,-13.824
growth_yoy,2020-12-01,473,-10.481,-7.255
growth_yoy,2021-01-01,473,-14.1,-5.705
growth_yoy,2021-02-01,473,-15.655,-5.833
growth_yoy,2021-03-01,473,16.35,-10.584
growth_yoy,2021-04-01,473,120.873,102.704
growth_yoy,2021-05-01,473,26.633,17.139
growth_yoy,2021-06-01,473,-21.646,-33.142
growth_yoy,2021-07-01,473,-14.087,-21.088
growth_yoy,2021-08-01,473,-6.192,-12.915
growth_yoy,2021-09-01,473,5.3,-2.124
growth_yoy,2021-10-01,473,12.805,3.597
growth_yoy,2021-11-01,473,18.199,6.768
growth_yoy,2021-12-01,473,11.124,3.371
growth_yoy,2022-01-01,473,19.459,13.357
growth_yoy,2022-02-01,473,18.129,15.192
growth_yoy,2022-03-01,473,7.765,4.087
growth_yoy,2022-04-01,473,37.714,31.179
growth_yoy,2022-05-01,473,54.622,56.383
growth_yoy,2022-06-01,473,106.995,109.834
growth_yoy,2022-07-01,473,73.718,71.259
growth_yoy,2022-08-01,473,53.967,50.601
growth_yoy,2022-09-01,473,44.352,37.276
growth_yoy,2022-10-01,473,40.057,33.507
growth_yoy,2022-11-01,473,40.891,35.012
growth_yoy,2022-12-01,473,44.445,38.616
growth_yoy,2023-01-01,473,45.02,40.64
growth_yoy,2023-02-01,473,45.911,42.13
growth_yoy,2023-03-01,473,38.13,37.335
growth_yoy,2023-04-01,473,19.619,20.294
growth_yoy,2023-05-01,473,6.039,10.142
growth_yoy,2023-06-01,473,8.487,12.696
growth_yoy,2023-07-01,473,5.397,9.066
growth_yoy,2023-08-01,473,8.91,11.68
growth_yoy,2023-09-01,473,5.473,7.764
growth_yoy,2023-10-01,473,4.847,6.267
growth_yoy,2023-11-01,473,2.882,4.189
growth_yoy,2023-12-01,473,2.376,2.811
growth_yoy,2024-01-01,473,0.956,0.728
growth_yoy,2024-02-01,473,3.42,3.167
growth_yoy,2024-03-01,473,4.034,3.531
growth_yoy,2024-04-01,473,4.89,4.177
growth_yoy,2024-05-01,473,8.114,7.465
growth_yoy,2024-06-01,473,5.037,3.779
growth_yoy,2024-07-01,473,7.055,5.757
growth_yoy,2024-08-01,473,5.276,4.282
growth_yoy,2024-09-01,473,6.669,6.188
growth_yoy,2024-10-01,473,7.306,7.622
growth_yoy,2024-11-01,473,6.336,6.583
growth_yoy,2024-12-01,473,6.546,6.929
growth_yoy,2025-01-01,473,7.831,7.828
growth_yoy,2025-02-01,473,6.011,5.579
growth_yoy,2025-03-01,473,7.885,7.683
growth_yoy,2025-04-01,473,5.642,5.676
growth_yoy,2025-05-01,473,5.747,5.848
growth_yoy,2025-06-01,473,5.984,6.774
growth_yoy,2025-07-01,473,6.596,7.349
growth_yoy,2025-08-01,473,5.314,6.194
growth_yoy,2025-09-01,473,7.007,7.017
growth_yoy,2025-10-01,473,7.156,8.992
growth_yoy,2025-11-01,473,6.695,8.26
growth_yoy,2025-12-01,473,7.415,8.897
growth_yoy,2026-01-01,473,6.97,9.287
growth_yoy,2026-02-01,473,6.189,8.721
growth_mom,2018-02-01,473,2.2,-2.794
growth_mom,2018-03-01,473,3.68,53.614
growth_mom,2018-04-01,473,-4.029,-20.404
growth_mom,2018-05-01,473,2.563,-7.711
growth_mom,2018-06-01,473,2.981,9.383
growth_mom,2018-07-01,473,2.095,-2.406
growth_mom,2018-08-01,473,0.386,1.419
growth_mom,2018-09-01,473,-3.08,0.888
growth_mom,2018-10-01,473,0.354,1.322
growth_mom,2018-11-01,473,1.555,2.416
growth_mom,2018-12-01,473,0.313,-4.129
growth_mom,2019-01-01,473,-1.911,-9.923
growth_mom,2019-02-01,473,0.893,-3.217
growth_mom,2019-03-01,473,2.286,52.429
growth_mom,2019-04-01,473,-4.857,-20.698
growth_mom,2019-05-01,473,2.776,-7.484
growth_mom,2019-06-01,473,3.962,13.199
growth_mom,2019-07-01,473,0.809,-2.899
growth_mom,2019-08-01,473,0.11,0.338
growth_mom,2019-09-01,473,-2.044,1.116
growth_mom,2019-10-01,473,-0.081,1.151
growth_mom,2019-11-01,473,1.899,3.477
growth_mom,2019-12-01,473,0.506,-4.208
growth_mom,2020-01-01,473,-2.574,-10.216
growth_mom,2020-02-01,473,0.622,-4.024
growth_mom,2020-03-01,473,-15.052,22.181
growth_mom,2020-04-01,473,-51.4,-59.188
growth_mom,2020-05-01,473,71.037,54.826
growth_mom,2020-06-01,473,20.242,29.965
growth_mom,2020-07-01,473,10.628,5.933
growth_mom,2020-08-01,473,2.3,2.813
growth_mom,2020-09-01,473,-3.649,-0.416
growth_mom,2020-10-01,473,-2.732,-1.388
growth_mom,2020-11-01,473,-3.8,-2.717
growth_mom,2020-12-01,473,5.409,3.094
growth_mom,2021-01-01,473,-6.513,-8.715
growth_mom,2021-02-01,473,-1.2,-4.154
growth_mom,2021-03-01,473,17.181,16.017
growth_mom,2021-04-01,473,-7.74,-7.481
growth_mom,2021-05-01,473,-1.94,-10.529
growth_mom,2021-06-01,473,-25.6,-25.821
growth_mom,2021-07-01,473,21.3,25.031
growth_mom,2021-08-01,473,11.7,13.461
growth_mom,2021-09-01,473,8.154,11.924
growth_mom,2021-10-01,473,4.2,4.377
growth_mom,2021-11-01,473,0.8,0.26
growth_mom,2021-12-01,473,-0.9,-0.185
growth_mom,2022-01-01,473,0.5,0.103
growth_mom,2022-02-01,473,-2.3,-2.603
growth_mom,2022-03-01,473,6.9,4.833
growth_mom,2022-04-01,473,17.9,16.6
growth_mom,2022-05-01,473,10.1,6.661
growth_mom,2022-06-01,473,-0.4,-0.467
growth_mom,2022-07-01,473,1.8,2.046
growth_mom,2022-08-01,473,-1.0,-0.225
growth_mom,2022-09-01,473,1.4,2.022
growth_mom,2022-10-01,473,1.1,1.511
growth_mom,2022-11-01,473,1.4,1.39
growth_mom,2022-12-01,473,1.6,2.479
growth_mom,2023-01-01,473,0.9,1.564
growth_mom,2023-02-01,473,-1.7,-1.571
growth_mom,2023-03-01,473,1.2,1.296
growth_mom,2023-04-01,473,2.1,2.132
growth_mom,2023-05-01,473,-2.4,-2.341
growth_mom,2023-06-01,473,1.9,1.841
growth_mom,2023-07-01,473,-1.1,-1.241
growth_mom,2023-08-01,473,2.3,2.166
growth_mom,2023-09-01,473,-1.8,-1.555
growth_mom,2023-10-01,473,0.5,0.1
growth_mom,2023-11-01,473,-0.5,-0.593
growth_mom,2023-12-01,473,1.1,1.123
growth_mom,2024-01-01,473,-0.5,-0.493
growth_mom,2024-02-01,473,0.7,0.812
growth_mom,2024-03-01,473,1.8,1.654
growth_mom,2024-04-01,473,2.94,2.769
growth_mom,2024-05-01,473,0.6,0.741
growth_mom,2024-06-01,473,-1.0,-1.653
growth_mom,2024-07-01,473,0.8,0.641
growth_mom,2024-08-01,473,0.6,0.742
growth_mom,2024-09-01,473,-0.5,0.244
growth_mom,2024-10-01,473,1.1,1.451
growth_mom,2024-11-01,473,-1.4,-1.552
growth_mom,2024-12-01,473,1.3,1.451
growth_mom,2025-01-01,473,0.7,0.343
growth_mom,2025-02-01,473,-1.0,-1.29
growth_mom,2025-03-01,473,3.6,3.68
growth_mom,2025-04-01,473,0.8,0.854
growth_mom,2025-05-01,473,0.7,0.905
growth_mom,2025-06-01,473,-0.778,-0.792
growth_mom,2025-07-01,473,1.382,1.183
growth_mom,2025-08-01,473,-0.61,-0.342
growth_mom,2025-09-01,473,1.1,1.021
growth_mom,2025-10-01,473,1.24,3.323
growth_mom,2025-11-01,473,-1.824,-2.212
growth_mom,2025-12-01,473,1.984,2.048
growth_mom,2026-01-01,473,0.283,0.702
growth_mom,2026-02-01,473,-1.724,-1.802
abs,2018-01-01,474,4276.947,127.521
abs,2018-02-01,474,4264.152,124.934
abs,2018-03-01,474,4305.114,126.133
abs,2018-04-01,474,4170.016,123.892
abs,2018-05-01,474,4261.412,124.551
abs,2018-06-01,474,4291.803,134.952
abs,2018-07-01,474,4365.316,135.935
abs,2018-08-01,474,4425.035,138.543
abs,2018-09-01,474,4356.131,132.179
abs,2018-10-01,474,4395.481,140.557
abs,2018-11-01,474,4431.956,143.894
abs,2018-12-01,474,4488.027,146.351
abs,2019-01-01,474,4479.051,145.437
abs,2019-02-01,474,4521.84,141.485
abs,2019-03-01,474,4493.252,140.495
abs,2019-04-01,474,4399.366,138.449
abs,2019-05-01,474,4430.167,136.879
abs,2019-06-01,474,4450.6,147.613
abs,2019-07-01,474,4508.054,147.737
abs,2019-08-01,474,4559.654,149.242
abs,2019-09-01,474,4539.089,143.478
abs,2019-10-01,474,4566.905,150.421
abs,2019-11-01,474,4609.583,154.344
abs,2019-12-01,474,4622.668,154.671
abs,2020-01-01,474,4678.369,155.373
abs,2020-02-01,474,4700.873,150.187
abs,2020-03-01,474,4253.075,133.609
abs,2020-04-01,474,3036.696,96.861
abs,2020-05-01,474,3551.284,110.756
abs,2020-06-01,474,4036.694,134.443
abs,2020-07-01,474,4305.191,142.177
abs,2020-08-01,474,4386.387,145.025
abs,2020-09-01,474,4421.478,141.337
abs,2020-10-01,474,4478.958,147.206
abs,2020-11-01,474,4550.621,151.694
abs,2020-12-01,474,4582.475,152.812
abs,2021-01-01,474,4692.404,156.611
abs,2021-02-01,474,4729.078,155.982
abs,2021-03-01,474,4620.309,148.074
abs,2021-04-01,474,4731.197,148.321
abs,2021-05-01,474,4816.358,148.731
abs,2021-06-01,474,4257.661,136.37
abs,2021-07-01,474,4291.722,136.673
abs,2021-08-01,474,4347.514,139.702
abs,2021-09-01,474,4434.465,141.631
abs,2021-10-01,474,4505.416,147.319
abs,2021-11-01,474,4587.026,151.929
abs,2021-12-01,474,4614.548,152.923
abs,2022-01-01,474,4702.224,155.384
abs,2022-02-01,474,4584.669,149.854
abs,2022-03-01,474,4690.116,151.059
abs,2022-04-01,474,4966.833,156.052
abs,2022-05-01,474,5110.871,162.326
abs,2022-06-01,474,4988.21,158.998
abs,2022-07-01,474,5043.081,160.665
abs,2022-08-01,474,5108.641,162.66
abs,2022-09-01,474,5139.292,163.523
abs,2022-10-01,474,5103.317,162.48
abs,2022-11-01,474,5057.388,161.252
abs,2022-12-01,474,5067.502,161.704
abs,2023-01-01,474,5001.625,160.542
abs,2023-02-01,474,4951.609,159.828
abs,2023-03-01,474,4986.27,160.855
abs,2023-04-01,474,4911.476,157.768
abs,2023-05-01,474,4990.059,160.518
abs,2023-06-01,474,4950.139,159.807
abs,2023-07-01,474,5014.491,162.72
abs,2023-08-01,474,4989.418,162.521
abs,2023-09-01,474,5064.26,164.886
abs,2023-10-01,474,4993.36,162.919
abs,2023-11-01,474,4918.46,160.558
abs,2023-12-01,474,4952.889,161.616
abs,2024-01-01,474,4883.548,158.96
abs,2024-02-01,474,4824.946,157.83
abs,2024-03-01,474,4897.32,159.441
abs,2024-04-01,474,4931.601,162.072
abs,2024-05-01,474,4882.285,160.37
abs,2024-06-01,474,4867.638,159.34
abs,2024-07-01,474,5140.226,166.893
abs,2024-08-01,474,5109.385,165.87
abs,2024-09-01,474,5163.033,167.954
abs,2024-10-01,474,5085.588,166.539
abs,2024-11-01,474,5126.272,169.026
abs,2024-12-01,474,5105.767,168.091
abs,2025-01-01,474,5136.402,170.853
abs,2025-02-01,474,5110.72,170.268
abs,2025-03-01,474,5141.384,171.552
abs,2025-04-01,474,5203.081,174.126
abs,2025-05-01,474,5140.644,172.727
abs,2025-06-01,474,5068.5,170.336
abs,2025-07-01,474,5308.689,178.705
abs,2025-08-01,474,5270.101,177.021
abs,2025-09-01,474,5381.762,181.322
abs,2025-10-01,474,5418.424,182.503
abs,2025-11-01,474,5376.093,180.87
abs,2025-12-01,474,5406.749,181.596
abs,2026-01-01,474,5335.303,179.653
abs,2026-02-01,474,5321.317,178.932
growth_yoy,2019-01-01,474,4.725,14.05
growth_yoy,2019-02-01,474,6.043,13.248
growth_yoy,2019-03-01,474,4.37,11.386
growth_yoy,2019-04-01,474,5.5,11.75
growth_yoy,2019-05-01,474,3.96,9.898
growth_yoy,2019-06-01,474,3.7,9.382
growth_yoy,2019-07-01,474,3.27,8.683
growth_yoy,2019-08-01,474,3.042,7.723
growth_yoy,2019-09-01,474,4.2,8.549
growth_yoy,2019-10-01,474,3.9,7.018
growth_yoy,2019-11-01,474,4.008,7.262
growth_yoy,2019-12-01,474,3.0,5.685
growth_yoy,2020-01-01,474,4.45,6.832
growth_yoy,2020-02-01,474,3.959,6.151
growth_yoy,2020-03-01,474,-5.345,-4.901
growth_yoy,2020-04-01,474,-30.974,-30.039
growth_yoy,2020-05-01,474,-19.839,-19.085
growth_yoy,2020-06-01,474,-9.3,-8.922
growth_yoy,2020-07-01,474,-4.5,-3.763
growth_yoy,2020-08-01,474,-3.8,-2.826
growth_yoy,2020-09-01,474,-2.591,-1.493
growth_yoy,2020-10-01,474,-1.926,-2.137
growth_yoy,2020-11-01,474,-1.279,-1.716
growth_yoy,2020-12-01,474,-0.869,-1.202
growth_yoy,2021-01-01,474,0.3,0.797
growth_yoy,2021-02-01,474,0.6,3.858
growth_yoy,2021-03-01,474,8.635,10.826
growth_yoy,2021-04-01,474,55.801,53.128
growth_yoy,2021-05-01,474,35.623,34.287
growth_yoy,2021-06-01,474,5.474,1.433
growth_yoy,2021-07-01,474,-0.313,-3.872
growth_yoy,2021-08-01,474,-0.886,-3.67
growth_yoy,2021-09-01,474,0.294,0.208
growth_yoy,2021-10-01,474,0.591,0.077
growth_yoy,2021-11-01,474,0.8,0.155
growth_yoy,2021-12-01,474,0.7,0.073
growth_yoy,2022-01-01,474,0.209,-0.784
growth_yoy,2022-02-01,474,-3.054,-3.928
growth_yoy,2022-03-01,474,1.511,2.015
growth_yoy,2022-04-01,474,4.98,5.212
growth_yoy,2022-05-01,474,6.115,9.141
growth_yoy,2022-06-01,474,17.158,16.593
growth_yoy,2022-07-01,474,17.507,17.555
growth_yoy,2022-08-01,474,17.507,16.434
growth_yoy,2022-09-01,474,15.894,15.457
growth_yoy,2022-10-01,474,13.271,10.291
growth_yoy,2022-11-01,474,10.254,6.136
growth_yoy,2022-12-01,474,9.816,5.742
growth_yoy,2023-01-01,474,6.367,3.319
growth_yoy,2023-02-01,474,8.004,6.656
growth_yoy,2023-03-01,474,6.314,6.485
growth_yoy,2023-04-01,474,-1.115,1.1
growth_yoy,2023-05-01,474,-2.364,-1.113
growth_yoy,2023-06-01,474,-0.763,0.509
growth_yoy,2023-07-01,474,-0.567,1.279
growth_yoy,2023-08-01,474,-2.334,-0.085
growth_yoy,2023-09-01,474,-1.46,0.834
growth_yoy,2023-10-01,474,-2.155,0.27
growth_yoy,2023-11-01,474,-2.747,-0.43
growth_yoy,2023-12-01,474,-2.262,-0.055
growth_yoy,2024-01-01,474,-2.361,-0.985
growth_yoy,2024-02-01,474,-2.558,-1.251
growth_yoy,2024-03-01,474,-1.784,-0.879
growth_yoy,2024-04-01,474,0.41,2.728
growth_yoy,2024-05-01,474,-2.16,-0.092
growth_yoy,2024-06-01,474,-1.667,-0.292
growth_yoy,2024-07-01,474,2.507,2.565
growth_yoy,2024-08-01,474,2.404,2.06
growth_yoy,2024-09-01,474,1.95,1.86
growth_yoy,2024-10-01,474,1.847,2.222
growth_yoy,2024-11-01,474,4.225,5.274
growth_yoy,2024-12-01,474,3.087,4.007
growth_yoy,2025-01-01,474,5.178,7.482
growth_yoy,2025-02-01,474,5.923,7.881
growth_yoy,2025-03-01,474,4.984,7.596
growth_yoy,2025-04-01,474,5.505,7.437
growth_yoy,2025-05-01,474,5.292,7.705
growth_yoy,2025-06-01,474,4.126,6.901
growth_yoy,2025-07-01,474,3.277,7.077
growth_yoy,2025-08-01,474,3.146,6.723
growth_yoy,2025-09-01,474,4.236,7.96
growth_yoy,2025-10-01,474,6.545,9.586
growth_yoy,2025-11-01,474,4.873,7.008
growth_yoy,2025-12-01,474,5.895,8.034
growth_yoy,2026-01-01,474,3.872,5.15
growth_yoy,2026-02-01,474,4.121,5.088
growth_mom,2018-02-01,474,-0.299,-2.029
growth_mom,2018-03-01,474,0.961,0.96
growth_mom,2018-04-01,474,-3.138,-1.776
growth_mom,2018-05-01,474,2.192,0.532
growth_mom,2018-06-01,474,0.713,8.351
growth_mom,2018-07-01,474,1.713,0.728
growth_mom,2018-08-01,474,1.368,1.919
growth_mom,2018-09-01,474,-1.557,-4.594
growth_mom,2018-10-01,474,0.903,6.338
growth_mom,2018-11-01,474,0.83,2.374
growth_mom,2018-12-01,474,1.265,1.708
growth_mom,2019-01-01,474,-0.2,-0.624
growth_mom,2019-02-01,474,0.955,-2.718
growth_mom,2019-03-01,474,-0.632,-0.7
growth_mom,2019-04-01,474,-2.089,-1.456
growth_mom,2019-05-01,474,0.7,-1.135
growth_mom,2019-06-01,474,0.461,7.842
growth_mom,2019-07-01,474,1.291,0.084
growth_mom,2019-08-01,474,1.145,1.018
growth_mom,2019-09-01,474,-0.451,-3.862
growth_mom,2019-10-01,474,0.613,4.839
growth_mom,2019-11-01,474,0.935,2.608
growth_mom,2019-12-01,474,0.284,0.212
growth_mom,2020-01-01,474,1.205,0.454
growth_mom,2020-02-01,474,0.481,-3.338
growth_mom,2020-03-01,474,-9.526,-11.038
growth_mom,2020-04-01,474,-28.6,-27.504
growth_mom,2020-05-01,474,16.946,14.345
growth_mom,2020-06-01,474,13.669,21.387
growth_mom,2020-07-01,474,6.651,5.753
growth_mom,2020-08-01,474,1.886,2.003
growth_mom,2020-09-01,474,0.8,-2.543
growth_mom,2020-10-01,474,1.3,4.153
growth_mom,2020-11-01,474,1.6,3.049
growth_mom,2020-12-01,474,0.7,0.737
growth_mom,2021-01-01,474,2.399,2.486
growth_mom,2021-02-01,474,0.782,-0.402
growth_mom,2021-03-01,474,-2.3,-5.07
growth_mom,2021-04-01,474,2.4,0.167
growth_mom,2021-05-01,474,1.8,0.276
growth_mom,2021-06-01,474,-11.6,-8.311
growth_mom,2021-07-01,474,0.8,0.222
growth_mom,2021-08-01,474,1.3,2.217
growth_mom,2021-09-01,474,2.0,1.381
growth_mom,2021-10-01,474,1.6,4.016
growth_mom,2021-11-01,474,1.811,3.129
growth_mom,2021-12-01,474,0.6,0.654
growth_mom,2022-01-01,474,1.9,1.609
growth_mom,2022-02-01,474,-2.5,-3.559
growth_mom,2022-03-01,474,2.3,0.804
growth_mom,2022-04-01,474,5.9,3.306
growth_mom,2022-05-01,474,2.9,4.02
growth_mom,2022-06-01,474,-2.4,-2.05
growth_mom,2022-07-01,474,1.1,1.049
growth_mom,2022-08-01,474,1.3,1.242
growth_mom,2022-09-01,474,0.6,0.531
growth_mom,2022-10-01,474,-0.7,-0.638
growth_mom,2022-11-01,474,-0.9,-0.756
growth_mom,2022-12-01,474,0.2,0.28
growth_mom,2023-01-01,474,-1.3,-0.719
growth_mom,2023-02-01,474,-1.0,-0.444
growth_mom,2023-03-01,474,0.7,0.642
growth_mom,2023-04-01,474,-1.5,-1.919
growth_mom,2023-05-01,474,1.6,1.743
growth_mom,2023-06-01,474,-0.8,-0.443
growth_mom,2023-07-01,474,1.3,1.823
growth_mom,2023-08-01,474,-0.5,-0.122
growth_mom,2023-09-01,474,1.5,1.455
growth_mom,2023-10-01,474,-1.4,-1.193
growth_mom,2023-11-01,474,-1.5,-1.449
growth_mom,2023-12-01,474,0.7,0.659
growth_mom,2024-01-01,474,-1.4,-1.643
growth_mom,2024-02-01,474,-1.2,-0.711
growth_mom,2024-03-01,474,1.5,1.021
growth_mom,2024-04-01,474,0.7,1.65
growth_mom,2024-05-01,474,-1.0,-1.05
growth_mom,2024-06-01,474,-0.3,-0.642
growth_mom,2024-07-01,474,5.6,4.74
growth_mom,2024-08-01,474,-0.6,-0.613
growth_mom,2024-09-01,474,1.05,1.257
growth_mom,2024-10-01,474,-1.5,-0.842
growth_mom,2024-11-01,474,0.8,1.493
growth_mom,2024-12-01,474,-0.4,-0.553
growth_mom,2025-01-01,474,0.6,1.643
growth_mom,2025-02-01,474,-0.5,-0.342
growth_mom,2025-03-01,474,0.6,0.754
growth_mom,2025-04-01,474,1.2,1.5
growth_mom,2025-05-01,474,-1.2,-0.803
growth_mom,2025-06-01,474,-1.403,-1.385
growth_mom,2025-07-01,474,4.739,4.913
growth_mom,2025-08-01,474,-0.727,-0.942
growth_mom,2025-09-01,474,2.119,2.43
growth_mom,2025-10-01,474,0.681,0.651
growth_mom,2025-11-01,474,-0.781,-0.895
growth_mom,2025-12-01,474,0.57,0.401
growth_mom,2026-01-01,474,-1.321,-1.07
growth_mom,2026-02-01,474,-0.262,-0.401
abs,2018-01-01,475,5451.677,120.6
abs,2018-02-01,475,5271.005,111.754
abs,2018-03-01,475,5499.009,119.615
abs,2018-04-01,475,5308.05,113.008
abs,2018-05-01,475,5486.61,116.585
abs,2018-06-01,475,5757.203,124.358
abs,2018-07-01,475,5780.875,125.818
abs,2018-08-01,475,5793.833,125.887
abs,2018-09-01,475,5509.561,120.324
abs,2018-10-01,475,5620.941,122.286
abs,2018-11-01,475,5709.583,124.367
abs,2018-12-01,475,6037.361,131.756
abs,2019-01-01,475,5909.617,129.366
abs,2019-02-01,475,5637.74,118.711
abs,2019-03-01,475,5806.954,125.381
abs,2019-04-01,475,5615.917,118.981
abs,2019-05-01,475,5910.322,125.066
abs,2019-06-01,475,6154.45,131.144
abs,2019-07-01,475,6162.413,131.598
abs,2019-08-01,475,6153.051,131.551
abs,2019-09-01,475,5862.173,126.212
abs,2019-10-01,475,5946.956,127.503
abs,2019-11-01,475,6006.482,129.194
abs,2019-12-01,475,6296.968,136.404
abs,2020-01-01,475,6154.749,133.821
abs,2020-02-01,475,5906.578,123.639
abs,2020-03-01,475,5046.917,108.548
abs,2020-04-01,475,2903.429,60.426
abs,2020-05-01,475,4405.181,93.093
abs,2020-06-01,475,5141.508,108.13
abs,2020-07-01,475,5639.422,119.657
abs,2020-08-01,475,5894.623,124.736
abs,2020-09-01,475,5924.096,127.893
abs,2020-10-01,475,5706.873,121.967
abs,2020-11-01,475,5741.721,123.292
abs,2020-12-01,475,6040.29,130.291
abs,2021-01-01,475,5872.958,127.429
abs,2021-02-01,475,5756.116,120.462
abs,2021-03-01,475,5802.165,121.631
abs,2021-04-01,475,5906.604,122.86
abs,2021-05-01,475,5823.911,119.775
abs,2021-06-01,475,5480.301,111.447
abs,2021-07-01,475,5431.926,110.341
abs,2021-08-01,475,5453.653,111.182
abs,2021-09-01,475,5692.57,117.71
abs,2021-10-01,475,5925.646,121.042
abs,2021-11-01,475,6111.848,124.537
abs,2021-12-01,475,6185.19,125.688
abs,2022-01-01,475,6290.338,125.545
abs,2022-02-01,475,6321.79,125.148
abs,2022-03-01,475,6359.721,125.216
abs,2022-04-01,475,6849.419,134.633
abs,2022-05-01,475,7061.751,140.181
abs,2022-06-01,475,7040.566,139.498
abs,2022-07-01,475,6998.323,138.28
abs,2022-08-01,475,6977.328,136.99
abs,2022-09-01,475,7005.406,137.682
abs,2022-10-01,475,7060.161,138.962
abs,2022-11-01,475,7017.8,137.614
abs,2022-12-01,475,6961.658,136.196
abs,2023-01-01,475,6975.581,136.829
abs,2023-02-01,475,6794.216,132.404
abs,2023-03-01,475,6855.364,133.864
abs,2023-04-01,475,6951.339,135.683
abs,2023-05-01,475,6930.485,135.352
abs,2023-06-01,475,6895.832,134.75
abs,2023-07-01,475,7013.062,137.236
abs,2023-08-01,475,7111.244,139.255
abs,2023-09-01,475,7175.246,140.302
abs,2023-10-01,475,7203.947,141.002
abs,2023-11-01,475,7275.986,142.293
abs,2023-12-01,475,7370.574,144.261
abs,2024-01-01,475,7208.421,141.355
abs,2024-02-01,475,7064.253,138.114
abs,2024-03-01,475,7184.345,140.437
abs,2024-04-01,475,7277.742,142.239
abs,2024-05-01,475,7299.575,142.61
abs,2024-06-01,475,7401.769,144.054
abs,2024-07-01,475,7335.153,142.963
abs,2024-08-01,475,7305.812,142.58
abs,2024-09-01,475,7444.623,145.496
abs,2024-10-01,475,7466.957,145.833
abs,2024-11-01,475,7504.291,146.263
abs,2024-12-01,475,7624.36,148.298
abs,2025-01-01,475,7548.116,147.092
abs,2025-02-01,475,7382.058,143.662
abs,2025-03-01,475,7603.905,147.683
abs,2025-04-01,475,7543.073,146.778
abs,2025-05-01,475,7709.021,150.379
abs,2025-06-01,475,7684.517,149.383
abs,2025-07-01,475,7602.242,147.822
abs,2025-08-01,475,7493.968,145.794
abs,2025-09-01,475,7630.676,148.334
abs,2025-10-01,475,7673.8,149.053
abs,2025-11-01,475,7732.515,149.9
abs,2025-12-01,475,7861.653,152.22
abs,2026-01-01,475,7794.748,150.544
abs,2026-02-01,475,7699.386,148.615
growth_yoy,2019-01-01,475,8.4,7.269
growth_yoy,2019-02-01,475,6.958,6.226
growth_yoy,2019-03-01,475,5.6,4.82
growth_yoy,2019-04-01,475,5.8,5.285
growth_yoy,2019-05-01,475,7.723,7.274
growth_yoy,2019-06-01,475,6.9,5.457
growth_yoy,2019-07-01,475,6.6,4.593
growth_yoy,2019-08-01,475,6.2,4.499
growth_yoy,2019-09-01,475,6.4,4.894
growth_yoy,2019-10-01,475,5.8,4.266
growth_yoy,2019-11-01,475,5.2,3.882
growth_yoy,2019-12-01,475,4.3,3.528
growth_yoy,2020-01-01,475,4.148,3.444
growth_yoy,2020-02-01,475,4.769,4.151
growth_yoy,2020-03-01,475,-13.088,-13.426
growth_yoy,2020-04-01,475,-48.3,-49.214
growth_yoy,2020-05-01,475,-25.466,-25.565
growth_yoy,2020-06-01,475,-16.459,-17.549
growth_yoy,2020-07-01,475,-8.487,-9.074
growth_yoy,2020-08-01,475,-4.2,-5.181
growth_yoy,2020-09-01,475,1.056,1.332
growth_yoy,2020-10-01,475,-4.037,-4.341
growth_yoy,2020-11-01,475,-4.408,-4.569
growth_yoy,2020-12-01,475,-4.076,-4.482
growth_yoy,2021-01-01,475,-4.578,-4.777
growth_yoy,2021-02-01,475,-2.547,-2.569
growth_yoy,2021-03-01,475,14.965,12.053
growth_yoy,2021-04-01,475,103.435,103.324
growth_yoy,2021-05-01,475,32.206,28.663
growth_yoy,2021-06-01,475,6.589,3.068
growth_yoy,2021-07-01,475,-3.679,-7.785
growth_yoy,2021-08-01,475,-7.481,-10.866
growth_yoy,2021-09-01,475,-3.908,-7.962
growth_yoy,2021-10-01,475,3.834,-0.759
growth_yoy,2021-11-01,475,6.446,1.01
growth_yoy,2021-12-01,475,2.399,-3.533
growth_yoy,2022-01-01,475,7.107,-1.478
growth_yoy,2022-02-01,475,9.827,3.89
growth_yoy,2022-03-01,475,9.609,2.947
growth_yoy,2022-04-01,475,15.962,9.583
growth_yoy,2022-05-01,475,21.254,17.036
growth_yoy,2022-06-01,475,28.47,25.17
growth_yoy,2022-07-01,475,28.837,25.32
growth_yoy,2022-08-01,475,27.939,23.212
growth_yoy,2022-09-01,475,23.062,16.967
growth_yoy,2022-10-01,475,19.146,14.804
growth_yoy,2022-11-01,475,14.823,10.5
growth_yoy,2022-12-01,475,12.554,8.36
growth_yoy,2023-01-01,475,10.894,8.988
growth_yoy,2023-02-01,475,7.473,5.798
growth_yoy,2023-03-01,475,7.793,6.907
growth_yoy,2023-04-01,475,1.488,0.78
growth_yoy,2023-05-01,475,-1.859,-3.445
growth_yoy,2023-06-01,475,-2.056,-3.404
growth_yoy,2023-07-01,475,0.211,-0.755
growth_yoy,2023-08-01,475,1.919,1.653
growth_yoy,2023-09-01,475,2.424,1.903
growth_yoy,2023-10-01,475,2.037,1.468
growth_yoy,2023-11-01,475,3.679,3.4
growth_yoy,2023-12-01,475,5.874,5.921
growth_yoy,2024-01-01,475,3.338,3.308
growth_yoy,2024-02-01,475,3.975,4.312
growth_yoy,2024-03-01,475,4.799,4.91
growth_yoy,2024-04-01,475,4.696,4.831
growth_yoy,2024-05-01,475,5.326,5.363
growth_yoy,2024-06-01,475,7.337,6.904
growth_yoy,2024-07-01,475,4.593,4.173
growth_yoy,2024-08-01,475,2.736,2.388
growth_yoy,2024-09-01,475,3.754,3.702
growth_yoy,2024-10-01,475,3.651,3.426
growth_yoy,2024-11-01,475,3.138,2.79
growth_yoy,2024-12-01,475,3.443,2.799
growth_yoy,2025-01-01,475,4.712,4.059
growth_yoy,2025-02-01,475,4.499,4.017
growth_yoy,2025-03-01,475,5.84,5.16
growth_yoy,2025-04-01,475,3.646,3.191
growth_yoy,2025-05-01,475,5.609,5.447
growth_yoy,2025-06-01,475,3.82,3.699
growth_yoy,2025-07-01,475,3.641,3.399
growth_yoy,2025-08-01,475,2.575,2.254
growth_yoy,2025-09-01,475,2.499,1.951
growth_yoy,2025-10-01,475,2.77,2.208
growth_yoy,2025-11-01,475,3.041,2.486
growth_yoy,2025-12-01,475,3.112,2.645
growth_yoy,2026-01-01,475,3.267,2.347
growth_yoy,2026-02-01,475,4.299,3.448
growth_mom,2018-02-01,475,-3.314,-7.335
growth_mom,2018-03-01,475,4.326,7.035
growth_mom,2018-04-01,475,-3.473,-5.524
growth_mom,2018-05-01,475,3.364,3.165
growth_mom,2018-06-01,475,4.932,6.667
growth_mom,2018-07-01,475,0.411,1.174
growth_mom,2018-08-01,475,0.224,0.055
growth_mom,2018-09-01,475,-4.906,-4.42
growth_mom,2018-10-01,475,2.022,1.631
growth_mom,2018-11-01,475,1.577,1.701
growth_mom,2018-12-01,475,5.741,5.941
growth_mom,2019-01-01,475,-2.116,-1.814
growth_mom,2019-02-01,475,-4.601,-8.236
growth_mom,2019-03-01,475,3.001,5.618
growth_mom,2019-04-01,475,-3.29,-5.105
growth_mom,2019-05-01,475,5.242,5.115
growth_mom,2019-06-01,475,4.131,4.86
growth_mom,2019-07-01,475,0.129,0.346
growth_mom,2019-08-01,475,-0.152,-0.035
growth_mom,2019-09-01,475,-4.727,-4.059
growth_mom,2019-10-01,475,1.446,1.023
growth_mom,2019-11-01,475,1.001,1.327
growth_mom,2019-12-01,475,4.836,5.581
growth_mom,2020-01-01,475,-2.259,-1.893
growth_mom,2020-02-01,475,-4.032,-7.609
growth_mom,2020-03-01,475,-14.554,-12.206
growth_mom,2020-04-01,475,-42.471,-44.333
growth_mom,2020-05-01,475,51.723,54.062
growth_mom,2020-06-01,475,16.715,16.153
growth_mom,2020-07-01,475,9.684,10.66
growth_mom,2020-08-01,475,4.525,4.244
growth_mom,2020-09-01,475,0.5,2.532
growth_mom,2020-10-01,475,-3.667,-4.634
growth_mom,2020-11-01,475,0.611,1.086
growth_mom,2020-12-01,475,5.2,5.677
growth_mom,2021-01-01,475,-2.77,-2.197
growth_mom,2021-02-01,475,-1.989,-5.467
growth_mom,2021-03-01,475,0.8,0.97
growth_mom,2021-04-01,475,1.8,1.01
growth_mom,2021-05-01,475,-1.4,-2.511
growth_mom,2021-06-01,475,-5.9,-6.953
growth_mom,2021-07-01,475,-0.883,-0.992
growth_mom,2021-08-01,475,0.4,0.761
growth_mom,2021-09-01,475,4.381,5.872
growth_mom,2021-10-01,475,4.094,2.831
growth_mom,2021-11-01,475,3.142,2.887
growth_mom,2021-12-01,475,1.2,0.924
growth_mom,2022-01-01,475,1.7,-0.114
growth_mom,2022-02-01,475,0.5,-0.316
growth_mom,2022-03-01,475,0.6,0.054
growth_mom,2022-04-01,475,7.7,7.521
growth_mom,2022-05-01,475,3.1,4.121
growth_mom,2022-06-01,475,-0.3,-0.487
growth_mom,2022-07-01,475,-0.6,-0.874
growth_mom,2022-08-01,475,-0.3,-0.933
growth_mom,2022-09-01,475,0.402,0.505
growth_mom,2022-10-01,475,0.782,0.93
growth_mom,2022-11-01,475,-0.6,-0.97
growth_mom,2022-12-01,475,-0.8,-1.03
growth_mom,2023-01-01,475,0.2,0.465
growth_mom,2023-02-01,475,-2.6,-3.234
growth_mom,2023-03-01,475,0.9,1.103
growth_mom,2023-04-01,475,1.4,1.359
growth_mom,2023-05-01,475,-0.3,-0.244
growth_mom,2023-06-01,475,-0.5,-0.444
growth_mom,2023-07-01,475,1.7,1.844
growth_mom,2023-08-01,475,1.4,1.471
growth_mom,2023-09-01,475,0.9,0.752
growth_mom,2023-10-01,475,0.4,0.499
growth_mom,2023-11-01,475,1.0,0.916
growth_mom,2023-12-01,475,1.3,1.383
growth_mom,2024-01-01,475,-2.2,-2.014
growth_mom,2024-02-01,475,-2.0,-2.293
growth_mom,2024-03-01,475,1.7,1.682
growth_mom,2024-04-01,475,1.3,1.283
growth_mom,2024-05-01,475,0.3,0.261
growth_mom,2024-06-01,475,1.4,1.012
growth_mom,2024-07-01,475,-0.9,-0.757
growth_mom,2024-08-01,475,-0.4,-0.268
growth_mom,2024-09-01,475,1.9,2.045
growth_mom,2024-10-01,475,0.3,0.231
growth_mom,2024-11-01,475,0.5,0.295
growth_mom,2024-12-01,475,1.6,1.392
growth_mom,2025-01-01,475,-1.0,-0.813
growth_mom,2025-02-01,475,-2.2,-2.332
growth_mom,2025-03-01,475,3.005,2.799
growth_mom,2025-04-01,475,-0.8,-0.613
growth_mom,2025-05-01,475,2.2,2.453
growth_mom,2025-06-01,475,-0.318,-0.662
growth_mom,2025-07-01,475,-1.071,-1.044
growth_mom,2025-08-01,475,-1.424,-1.372
growth_mom,2025-09-01,475,1.824,1.742
growth_mom,2025-10-01,475,0.565,0.484
growth_mom,2025-11-01,475,0.765,0.568
growth_mom,2025-12-01,475,1.67,1.548
growth_mom,2026-01-01,475,-0.851,-1.101
growth_mom,2026-02-01,475,-1.223,-1.281
abs,2018-01-01,476,2212.942,131.551
abs,2018-02-01,476,2188.892,129.728
abs,2018-03-01,476,2249.806,131.491
abs,2018-04-01,476,2145.605,117.894
abs,2018-05-01,476,2173.859,117.111
abs,2018-06-01,476,2272.821,131.834
abs,2018-07-01,476,2279.587,132.501
abs,2018-08-01,476,2310.616,128.561
abs,2018-09-01,476,2407.973,123.248
abs,2018-10-01,476,2341.636,125.871
abs,2018-11-01,476,2376.018,135.304
abs,2018-12-01,476,2478.474,146.898
abs,2019-01-01,476,2469.643,149.694
abs,2019-02-01,476,2381.515,142.411
abs,2019-03-01,476,2432.04,143.443
abs,2019-04-01,476,2300.089,128.209
abs,2019-05-01,476,2356.322,127.675
abs,2019-06-01,476,2469.337,144.051
abs,2019-07-01,476,2457.259,142.743
abs,2019-08-01,476,2499.995,138.698
abs,2019-09-01,476,2554.859,129.388
abs,2019-10-01,476,2470.426,131.325
abs,2019-11-01,476,2530.459,142.468
abs,2019-12-01,476,2651.682,155.69
abs,2020-01-01,476,2600.488,156.468
abs,2020-02-01,476,2493.446,148.056
abs,2020-03-01,476,2140.122,125.812
abs,2020-04-01,476,1076.481,58.96
abs,2020-05-01,476,1702.09,92.233
abs,2020-06-01,476,2006.764,115.427
abs,2020-07-01,476,2199.247,125.91
abs,2020-08-01,476,2256.427,124.049
abs,2020-09-01,476,2301.664,117.048
abs,2020-10-01,476,2356.904,124.992
abs,2020-11-01,476,2401.685,134.448
abs,2020-12-01,476,2521.77,147.087
abs,2021-01-01,476,2468.812,146.5
abs,2021-02-01,476,2413.656,141.423
abs,2021-03-01,476,2307.963,133.193
abs,2021-04-01,476,2236.416,124.136
abs,2021-05-01,476,2178.269,120.342
abs,2021-06-01,476,2080.247,117.059
abs,2021-07-01,476,2107.29,117.752
abs,2021-08-01,476,2250.586,122.128
abs,2021-09-01,476,2405.876,122.219
abs,2021-10-01,476,2470.835,129.233
abs,2021-11-01,476,2509.761,135.513
abs,2021-12-01,476,2559.956,143.038
abs,2022-01-01,476,2593.236,148.055
abs,2022-02-01,476,2551.744,145.351
abs,2022-03-01,476,2572.158,145.524
abs,2022-04-01,476,2582.447,145.232
abs,2022-05-01,476,2616.018,146.059
abs,2022-06-01,476,2642.179,147.885
abs,2022-07-01,476,2660.674,148.652
abs,2022-08-01,476,2671.317,148.747
abs,2022-09-01,476,2684.673,148.793
abs,2022-10-01,476,2673.934,147.647
abs,2022-11-01,476,2657.891,146.258
abs,2022-12-01,476,2660.549,147.47
abs,2023-01-01,476,2604.677,144.438
abs,2023-02-01,476,2521.328,139.585
abs,2023-03-01,476,2549.062,142.158
abs,2023-04-01,476,2528.67,141.15
abs,2023-05-01,476,2594.415,143.691
abs,2023-06-01,476,2635.926,145.415
abs,2023-07-01,476,2657.013,146.567
abs,2023-08-01,476,2683.583,148.167
abs,2023-09-01,476,2697.001,149.564
abs,2023-10-01,476,2713.183,150.593
abs,2023-11-01,476,2699.617,149.797
abs,2023-12-01,476,2726.613,151.364
abs,2024-01-01,476,2633.909,146.49
abs,2024-02-01,476,2657.614,148.265
abs,2024-03-01,476,2710.766,151.805
abs,2024-04-01,476,2653.84,147.342
abs,2024-05-01,476,2683.032,149.463
abs,2024-06-01,476,2717.912,150.076
abs,2024-07-01,476,2761.398,151.657
abs,2024-08-01,476,2811.103,154.909
abs,2024-09-01,476,2822.348,155.918
abs,2024-10-01,476,2833.637,156.841
abs,2024-11-01,476,2808.134,155.004
abs,2024-12-01,476,2850.256,156.789
abs,2025-01-01,476,2881.609,158.864
abs,2025-02-01,476,2887.372,159.06
abs,2025-03-01,476,2812.301,154.556
abs,2025-04-01,476,2736.369,150.695
abs,2025-05-01,476,2785.312,153.635
abs,2025-06-01,476,2809.052,155.009
abs,2025-07-01,476,2844.103,156.162
abs,2025-08-01,476,2898.081,159.118
abs,2025-09-01,476,2951.425,162.193
abs,2025-10-01,476,2956.386,162.534
abs,2025-11-01,476,2924.255,160.315
abs,2025-12-01,476,2961.18,162.308
abs,2026-01-01,476,3002.964,164.353
abs,2026-02-01,476,2973.502,162.871
growth_yoy,2019-01-01,476,11.6,13.791
growth_yoy,2019-02-01,476,8.8,9.776
growth_yoy,2019-03-01,476,8.1,9.089
growth_yoy,2019-04-01,476,7.2,8.749
growth_yoy,2019-05-01,476,8.394,9.02
growth_yoy,2019-06-01,476,8.646,9.267
growth_yoy,2019-07-01,476,7.794,7.729
growth_yoy,2019-08-01,476,8.196,7.884
growth_yoy,2019-09-01,476,6.1,4.982
growth_yoy,2019-10-01,476,5.5,4.333
growth_yoy,2019-11-01,476,6.5,5.295
growth_yoy,2019-12-01,476,6.988,5.985
growth_yoy,2020-01-01,476,5.298,4.526
growth_yoy,2020-02-01,476,4.7,3.964
growth_yoy,2020-03-01,476,-12.003,-12.291
growth_yoy,2020-04-01,476,-53.198,-54.013
growth_yoy,2020-05-01,476,-27.765,-27.759
growth_yoy,2020-06-01,476,-18.733,-19.87
growth_yoy,2020-07-01,476,-10.5,-11.792
growth_yoy,2020-08-01,476,-9.743,-10.561
growth_yoy,2020-09-01,476,-9.91,-9.537
growth_yoy,2020-10-01,476,-4.595,-4.822
growth_yoy,2020-11-01,476,-5.089,-5.63
growth_yoy,2020-12-01,476,-4.899,-5.525
growth_yoy,2021-01-01,476,-5.064,-6.371
growth_yoy,2021-02-01,476,-3.2,-4.48
growth_yoy,2021-03-01,476,7.843,5.867
growth_yoy,2021-04-01,476,107.752,110.544
growth_yoy,2021-05-01,476,27.976,30.476
growth_yoy,2021-06-01,476,3.662,1.413
growth_yoy,2021-07-01,476,-4.181,-6.48
growth_yoy,2021-08-01,476,-0.259,-1.549
growth_yoy,2021-09-01,476,4.528,4.418
growth_yoy,2021-10-01,476,4.834,3.393
growth_yoy,2021-11-01,476,4.5,0.793
growth_yoy,2021-12-01,476,1.514,-2.753
growth_yoy,2022-01-01,476,5.04,1.062
growth_yoy,2022-02-01,476,5.721,2.777
growth_yoy,2022-03-01,476,11.447,9.257
growth_yoy,2022-04-01,476,15.473,16.995
growth_yoy,2022-05-01,476,20.096,21.369
growth_yoy,2022-06-01,476,27.013,26.334
growth_yoy,2022-07-01,476,26.26,26.242
growth_yoy,2022-08-01,476,18.694,21.796
growth_yoy,2022-09-01,476,11.588,21.742
growth_yoy,2022-10-01,476,8.22,14.249
growth_yoy,2022-11-01,476,5.902,7.929
growth_yoy,2022-12-01,476,3.929,3.099
growth_yoy,2023-01-01,476,0.441,-2.443
growth_yoy,2023-02-01,476,-1.192,-3.967
growth_yoy,2023-03-01,476,-0.898,-2.313
growth_yoy,2023-04-01,476,-2.082,-2.811
growth_yoy,2023-05-01,476,-0.826,-1.621
growth_yoy,2023-06-01,476,-0.237,-1.67
growth_yoy,2023-07-01,476,-0.138,-1.403
growth_yoy,2023-08-01,476,0.459,-0.391
growth_yoy,2023-09-01,476,0.459,0.519
growth_yoy,2023-10-01,476,1.468,1.995
growth_yoy,2023-11-01,476,1.57,2.419
growth_yoy,2023-12-01,476,2.483,2.64
growth_yoy,2024-01-01,476,1.122,1.421
growth_yoy,2024-02-01,476,5.405,6.218
growth_yoy,2024-03-01,476,6.344,6.786
growth_yoy,2024-04-01,476,4.95,4.386
growth_yoy,2024-05-01,476,3.416,4.017
growth_yoy,2024-06-01,476,3.11,3.206
growth_yoy,2024-07-01,476,3.929,3.473
growth_yoy,2024-08-01,476,4.752,4.55
growth_yoy,2024-09-01,476,4.648,4.248
growth_yoy,2024-10-01,476,4.44,4.149
growth_yoy,2024-11-01,476,4.02,3.476
growth_yoy,2024-12-01,476,4.535,3.584
growth_yoy,2025-01-01,476,9.404,8.447
growth_yoy,2025-02-01,476,8.645,7.281
growth_yoy,2025-03-01,476,3.746,1.812
growth_yoy,2025-04-01,476,3.11,2.276
growth_yoy,2025-05-01,476,3.812,2.791
growth_yoy,2025-06-01,476,3.353,3.287
growth_yoy,2025-07-01,476,2.995,2.97
growth_yoy,2025-08-01,476,3.094,2.717
growth_yoy,2025-09-01,476,4.573,4.025
growth_yoy,2025-10-01,476,4.332,3.63
growth_yoy,2025-11-01,476,4.135,3.427
growth_yoy,2025-12-01,476,3.892,3.52
growth_yoy,2026-01-01,476,4.211,3.455
growth_yoy,2026-02-01,476,2.983,2.396
growth_mom,2018-02-01,476,-1.087,-1.385
growth_mom,2018-03-01,476,2.783,1.359
growth_mom,2018-04-01,476,-4.632,-10.341
growth_mom,2018-05-01,476,1.317,-0.665
growth_mom,2018-06-01,476,4.552,12.572
growth_mom,2018-07-01,476,0.298,0.506
growth_mom,2018-08-01,476,1.361,-2.974
growth_mom,2018-09-01,476,4.213,-4.133
growth_mom,2018-10-01,476,-2.755,2.128
growth_mom,2018-11-01,476,1.468,7.494
growth_mom,2018-12-01,476,4.312,8.569
growth_mom,2019-01-01,476,-0.356,1.903
growth_mom,2019-02-01,476,-3.568,-4.865
growth_mom,2019-03-01,476,2.122,0.724
growth_mom,2019-04-01,476,-5.426,-10.62
growth_mom,2019-05-01,476,2.445,-0.417
growth_mom,2019-06-01,476,4.796,12.826
growth_mom,2019-07-01,476,-0.489,-0.908
growth_mom,2019-08-01,476,1.739,-2.834
growth_mom,2019-09-01,476,2.195,-6.712
growth_mom,2019-10-01,476,-3.305,1.497
growth_mom,2019-11-01,476,2.43,8.486
growth_mom,2019-12-01,476,4.791,9.28
growth_mom,2020-01-01,476,-1.931,0.5
growth_mom,2020-02-01,476,-4.116,-5.376
growth_mom,2020-03-01,476,-14.17,-15.023
growth_mom,2020-04-01,476,-49.7,-53.137
growth_mom,2020-05-01,476,58.116,56.435
growth_mom,2020-06-01,476,17.9,25.147
growth_mom,2020-07-01,476,9.592,9.082
growth_mom,2020-08-01,476,2.6,-1.478
growth_mom,2020-09-01,476,2.005,-5.644
growth_mom,2020-10-01,476,2.4,6.787
growth_mom,2020-11-01,476,1.9,7.565
growth_mom,2020-12-01,476,5.0,9.401
growth_mom,2021-01-01,476,-2.1,-0.399
growth_mom,2021-02-01,476,-2.234,-3.465
growth_mom,2021-03-01,476,-4.379,-5.819
growth_mom,2021-04-01,476,-3.1,-6.8
growth_mom,2021-05-01,476,-2.6,-3.056
growth_mom,2021-06-01,476,-4.5,-2.729
growth_mom,2021-07-01,476,1.3,0.592
growth_mom,2021-08-01,476,6.8,3.716
growth_mom,2021-09-01,476,6.9,0.075
growth_mom,2021-10-01,476,2.7,5.739
growth_mom,2021-11-01,476,1.575,4.86
growth_mom,2021-12-01,476,2.0,5.552
growth_mom,2022-01-01,476,1.3,3.508
growth_mom,2022-02-01,476,-1.6,-1.826
growth_mom,2022-03-01,476,0.8,0.119
growth_mom,2022-04-01,476,0.4,-0.2
growth_mom,2022-05-01,476,1.3,0.569
growth_mom,2022-06-01,476,1.0,1.25
growth_mom,2022-07-01,476,0.7,0.519
growth_mom,2022-08-01,476,0.4,0.064
growth_mom,2022-09-01,476,0.5,0.03
growth_mom,2022-10-01,476,-0.4,-0.77
growth_mom,2022-11-01,476,-0.6,-0.941
growth_mom,2022-12-01,476,0.1,0.829
growth_mom,2023-01-01,476,-2.1,-2.056
growth_mom,2023-02-01,476,-3.2,-3.36
growth_mom,2023-03-01,476,1.1,1.843
growth_mom,2023-04-01,476,-0.8,-0.709
growth_mom,2023-05-01,476,2.6,1.8
growth_mom,2023-06-01,476,1.6,1.2
growth_mom,2023-07-01,476,0.8,0.792
growth_mom,2023-08-01,476,1.0,1.092
growth_mom,2023-09-01,476,0.5,0.943
growth_mom,2023-10-01,476,0.6,0.688
growth_mom,2023-11-01,476,-0.5,-0.529
growth_mom,2023-12-01,476,1.0,1.046
growth_mom,2024-01-01,476,-3.4,-3.22
growth_mom,2024-02-01,476,0.9,1.211
growth_mom,2024-03-01,476,2.0,2.388
growth_mom,2024-04-01,476,-2.1,-2.94
growth_mom,2024-05-01,476,1.1,1.44
growth_mom,2024-06-01,476,1.3,0.41
growth_mom,2024-07-01,476,1.6,1.053
growth_mom,2024-08-01,476,1.8,2.144
growth_mom,2024-09-01,476,0.4,0.652
growth_mom,2024-10-01,476,0.4,0.592
growth_mom,2024-11-01,476,-0.9,-1.171
growth_mom,2024-12-01,476,1.5,1.152
growth_mom,2025-01-01,476,1.1,1.323
growth_mom,2025-02-01,476,0.2,0.123
growth_mom,2025-03-01,476,-2.6,-2.831
growth_mom,2025-04-01,476,-2.7,-2.498
growth_mom,2025-05-01,476,1.789,1.951
growth_mom,2025-06-01,476,0.852,0.894
growth_mom,2025-07-01,476,1.248,0.743
growth_mom,2025-08-01,476,1.898,1.893
growth_mom,2025-09-01,476,1.841,1.932
growth_mom,2025-10-01,476,0.168,0.21
growth_mom,2025-11-01,476,-1.087,-1.365
growth_mom,2025-12-01,476,1.263,1.243
growth_mom,2026-01-01,476,1.411,1.26
growth_mom,2026-02-01,476,-0.981,-0.901
abs,2018-01-01,477,8323.163,125.092
abs,2018-02-01,477,8202.239,124.505
abs,2018-03-01,477,8510.268,129.072
abs,2018-04-01,477,8172.801,121.973
abs,2018-05-01,477,8728.113,124.317
abs,2018-06-01,477,9020.107,140.706
abs,2018-07-01,477,9248.963,143.976
abs,2018-08-01,477,9503.669,138.438
abs,2018-09-01,477,8690.597,127.936
abs,2018-10-01,477,9080.394,135.885
abs,2018-11-01,477,9219.793,136.311
abs,2018-12-01,477,9702.052,143.787
abs,2019-01-01,477,9330.266,141.508
abs,2019-02-01,477,9038.868,138.402
abs,2019-03-01,477,9144.317,139.942
abs,2019-04-01,477,8810.279,133.373
abs,2019-05-01,477,9539.534,137.121
abs,2019-06-01,477,9840.937,154.834
abs,2019-07-01,477,10007.378,156.245
abs,2019-08-01,477,10262.062,149.478
abs,2019-09-01,477,9429.298,139.502
abs,2019-10-01,477,9815.906,146.67
abs,2019-11-01,477,10012.695,147.437
abs,2019-12-01,477,10553.22,156.092
abs,2020-01-01,477,10105.302,152.547
abs,2020-02-01,477,9721.754,148.436
abs,2020-03-01,477,8037.182,123.465
abs,2020-04-01,477,3806.041,57.02
abs,2020-05-01,477,6865.16,97.942
abs,2020-06-01,477,8155.81,125.309
abs,2020-07-01,477,8926.581,138.581
abs,2020-08-01,477,9523.194,138.18
abs,2020-09-01,477,9313.683,137.944
abs,2020-10-01,477,9087.565,134.391
abs,2020-11-01,477,9396.543,136.46
abs,2020-12-01,477,9875.766,144.148
abs,2021-01-01,477,9401.73,140.287
abs,2021-02-01,477,9080.118,137.1
abs,2021-03-01,477,9134.599,137.165
abs,2021-04-01,477,8887.965,132.462
abs,2021-05-01,477,8550.222,127.61
abs,2021-06-01,477,8105.611,121.962
abs,2021-07-01,477,7935.393,119.529
abs,2021-08-01,477,8117.907,119.879
abs,2021-09-01,477,8402.034,123.207
abs,2021-10-01,477,8729.713,129.4
abs,2021-11-01,477,9305.874,136.309
abs,2021-12-01,477,9566.438,140.336
abs,2022-01-01,477,9518.606,139.887
abs,2022-02-01,477,9585.236,143.021
abs,2022-03-01,477,9815.282,144.831
abs,2022-04-01,477,10590.689,155.848
abs,2022-05-01,477,11183.768,164.444
abs,2022-06-01,477,11698.221,171.55
abs,2022-07-01,477,11674.825,171.459
abs,2022-08-01,477,11826.598,173.235
abs,2022-09-01,477,12051.303,176.129
abs,2022-10-01,477,12304.38,178.981
abs,2022-11-01,477,12353.598,179.214
abs,2022-12-01,477,12501.841,181.503
abs,2023-01-01,477,12289.31,178.634
abs,2023-02-01,477,11908.341,172.936
abs,2023-03-01,477,11967.883,174.221
abs,2023-04-01,477,12434.63,180.404
abs,2023-05-01,477,11850.203,171.003
abs,2023-06-01,477,12016.105,172.732
abs,2023-07-01,477,12208.363,175.187
abs,2023-08-01,477,12501.364,178.837
abs,2023-09-01,477,12713.887,181.407
abs,2023-10-01,477,12574.034,179.777
abs,2023-11-01,477,12812.941,181.217
abs,2023-12-01,477,13222.955,186.103
abs,2024-01-01,477,12892.381,181.259
abs,2024-02-01,477,13034.197,183.223
abs,2024-03-01,477,13268.813,185.24
abs,2024-04-01,477,13481.114,185.406
abs,2024-05-01,477,13367.244,184.449
abs,2024-06-01,477,13527.651,187.509
abs,2024-07-01,477,13013.6,181.543
abs,2024-08-01,477,13221.817,183.163
abs,2024-09-01,477,13433.367,185.827
abs,2024-10-01,477,13634.708,187.578
abs,2024-11-01,477,13866.498,188.896
abs,2024-12-01,477,14143.828,192.205
abs,2025-01-01,477,13959.959,191.549
abs,2025-02-01,477,13736.599,187.062
abs,2025-03-01,477,14231.117,193.327
abs,2025-04-01,477,14088.806,189.555
abs,2025-05-01,477,14060.628,189.245
abs,2025-06-01,477,14320.75,193.11
abs,2025-07-01,477,13999.076,188.589
abs,2025-08-01,477,14019.509,188.323
abs,2025-09-01,477,14215.525,189.342
abs,2025-10-01,477,14346.921,189.137
abs,2025-11-01,477,14578.256,191.575
abs,2025-12-01,477,14941.192,195.985
abs,2026-01-01,477,14719.308,192.928
abs,2026-02-01,477,14750.543,193.296
growth_yoy,2019-01-01,477,12.1,13.124
growth_yoy,2019-02-01,477,10.2,11.162
growth_yoy,2019-03-01,477,7.45,8.422
growth_yoy,2019-04-01,477,7.8,9.347
growth_yoy,2019-05-01,477,9.297,10.299
growth_yoy,2019-06-01,477,9.1,10.041
growth_yoy,2019-07-01,477,8.2,8.521
growth_yoy,2019-08-01,477,7.98,7.975
growth_yoy,2019-09-01,477,8.5,9.04
growth_yoy,2019-10-01,477,8.1,7.937
growth_yoy,2019-11-01,477,8.6,8.162
growth_yoy,2019-12-01,477,8.773,8.558
growth_yoy,2020-01-01,477,8.307,7.801
growth_yoy,2020-02-01,477,7.555,7.25
growth_yoy,2020-03-01,477,-12.107,-11.774
growth_yoy,2020-04-01,477,-56.8,-57.248
growth_yoy,2020-05-01,477,-28.035,-28.572
growth_yoy,2020-06-01,477,-17.124,-19.069
growth_yoy,2020-07-01,477,-10.8,-11.305
growth_yoy,2020-08-01,477,-7.2,-7.558
growth_yoy,2020-09-01,477,-1.226,-1.117
growth_yoy,2020-10-01,477,-7.42,-8.372
growth_yoy,2020-11-01,477,-6.154,-7.445
growth_yoy,2020-12-01,477,-6.419,-7.652
growth_yoy,2021-01-01,477,-6.962,-8.037
growth_yoy,2021-02-01,477,-6.6,-7.637
growth_yoy,2021-03-01,477,13.654,11.096
growth_yoy,2021-04-01,477,133.523,132.307
growth_yoy,2021-05-01,477,24.545,30.291
growth_yoy,2021-06-01,477,-0.616,-2.671
growth_yoy,2021-07-01,477,-11.104,-13.748
growth_yoy,2021-08-01,477,-14.756,-13.244
growth_yoy,2021-09-01,477,-9.788,-10.684
growth_yoy,2021-10-01,477,-3.938,-3.714
growth_yoy,2021-11-01,477,-0.965,-0.11
growth_yoy,2021-12-01,477,-3.132,-2.644
growth_yoy,2022-01-01,477,1.243,-0.285
growth_yoy,2022-02-01,477,5.563,4.318
growth_yoy,2022-03-01,477,7.452,5.589
growth_yoy,2022-04-01,477,19.158,17.655
growth_yoy,2022-05-01,477,30.801,28.865
growth_yoy,2022-06-01,477,44.323,40.659
growth_yoy,2022-07-01,477,47.123,43.445
growth_yoy,2022-08-01,477,45.685,44.509
growth_yoy,2022-09-01,477,43.433,42.954
growth_yoy,2022-10-01,477,40.948,38.316
growth_yoy,2022-11-01,477,32.751,31.476
growth_yoy,2022-12-01,477,30.684,29.335
growth_yoy,2023-01-01,477,29.108,27.699
growth_yoy,2023-02-01,477,24.236,20.917
growth_yoy,2023-03-01,477,21.931,20.292
growth_yoy,2023-04-01,477,17.411,15.756
growth_yoy,2023-05-01,477,5.959,3.988
growth_yoy,2023-06-01,477,2.717,0.689
growth_yoy,2023-07-01,477,4.57,2.175
growth_yoy,2023-08-01,477,5.705,3.234
growth_yoy,2023-09-01,477,5.498,2.997
growth_yoy,2023-10-01,477,2.192,0.445
growth_yoy,2023-11-01,477,3.718,1.118
growth_yoy,2023-12-01,477,5.768,2.534
growth_yoy,2024-01-01,477,4.907,1.469
growth_yoy,2024-02-01,477,9.454,5.948
growth_yoy,2024-03-01,477,10.87,6.325
growth_yoy,2024-04-01,477,8.416,2.773
growth_yoy,2024-05-01,477,12.802,7.863
growth_yoy,2024-06-01,477,12.579,8.555
growth_yoy,2024-07-01,477,6.596,3.628
growth_yoy,2024-08-01,477,5.763,2.419
growth_yoy,2024-09-01,477,5.659,2.436
growth_yoy,2024-10-01,477,8.435,4.339
growth_yoy,2024-11-01,477,8.223,4.237
growth_yoy,2024-12-01,477,6.964,3.279
growth_yoy,2025-01-01,477,8.281,5.677
growth_yoy,2025-02-01,477,5.389,2.095
growth_yoy,2025-03-01,477,7.252,4.366
growth_yoy,2025-04-01,477,4.508,2.238
growth_yoy,2025-05-01,477,5.187,2.6
growth_yoy,2025-06-01,477,5.863,2.987
growth_yoy,2025-07-01,477,7.573,3.881
growth_yoy,2025-08-01,477,6.033,2.817
growth_yoy,2025-09-01,477,5.823,1.892
growth_yoy,2025-10-01,477,5.224,0.831
growth_yoy,2025-11-01,477,5.133,1.418
growth_yoy,2025-12-01,477,5.638,1.967
growth_yoy,2026-01-01,477,5.439,0.72
growth_yoy,2026-02-01,477,7.381,3.333
growth_mom,2018-02-01,477,-1.453,-0.469
growth_mom,2018-03-01,477,3.755,3.668
growth_mom,2018-04-01,477,-3.965,-5.5
growth_mom,2018-05-01,477,6.795,1.922
growth_mom,2018-06-01,477,3.345,13.184
growth_mom,2018-07-01,477,2.537,2.324
growth_mom,2018-08-01,477,2.754,-3.847
growth_mom,2018-09-01,477,-8.555,-7.586
growth_mom,2018-10-01,477,4.485,6.213
growth_mom,2018-11-01,477,1.535,0.314
growth_mom,2018-12-01,477,5.231,5.485
growth_mom,2019-01-01,477,-3.832,-1.585
growth_mom,2019-02-01,477,-3.123,-2.195
growth_mom,2019-03-01,477,1.167,1.112
growth_mom,2019-04-01,477,-3.653,-4.694
growth_mom,2019-05-01,477,8.277,2.81
growth_mom,2019-06-01,477,3.16,12.918
growth_mom,2019-07-01,477,1.691,0.911
growth_mom,2019-08-01,477,2.545,-4.331
growth_mom,2019-09-01,477,-8.115,-6.674
growth_mom,2019-10-01,477,4.1,5.138
growth_mom,2019-11-01,477,2.005,0.523
growth_mom,2019-12-01,477,5.398,5.87
growth_mom,2020-01-01,477,-4.244,-2.271
growth_mom,2020-02-01,477,-3.796,-2.695
growth_mom,2020-03-01,477,-17.328,-16.823
growth_mom,2020-04-01,477,-52.645,-53.817
growth_mom,2020-05-01,477,80.375,71.767
growth_mom,2020-06-01,477,18.8,27.942
growth_mom,2020-07-01,477,9.451,10.592
growth_mom,2020-08-01,477,6.684,-0.289
growth_mom,2020-09-01,477,-2.2,-0.171
growth_mom,2020-10-01,477,-2.428,-2.576
growth_mom,2020-11-01,477,3.4,1.539
growth_mom,2020-12-01,477,5.1,5.634
growth_mom,2021-01-01,477,-4.8,-2.679
growth_mom,2021-02-01,477,-3.421,-2.271
growth_mom,2021-03-01,477,0.6,0.047
growth_mom,2021-04-01,477,-2.7,-3.428
growth_mom,2021-05-01,477,-3.8,-3.663
growth_mom,2021-06-01,477,-5.2,-4.425
growth_mom,2021-07-01,477,-2.1,-1.995
growth_mom,2021-08-01,477,2.3,0.293
growth_mom,2021-09-01,477,3.5,2.776
growth_mom,2021-10-01,477,3.9,5.026
growth_mom,2021-11-01,477,6.6,5.34
growth_mom,2021-12-01,477,2.8,2.954
growth_mom,2022-01-01,477,-0.5,-0.32
growth_mom,2022-02-01,477,0.7,2.24
growth_mom,2022-03-01,477,2.4,1.266
growth_mom,2022-04-01,477,7.9,7.607
growth_mom,2022-05-01,477,5.6,5.516
growth_mom,2022-06-01,477,4.6,4.321
growth_mom,2022-07-01,477,-0.2,-0.054
growth_mom,2022-08-01,477,1.3,1.036
growth_mom,2022-09-01,477,1.9,1.671
growth_mom,2022-10-01,477,2.1,1.619
growth_mom,2022-11-01,477,0.4,0.13
growth_mom,2022-12-01,477,1.2,1.278
growth_mom,2023-01-01,477,-1.7,-1.581
growth_mom,2023-02-01,477,-3.1,-3.19
growth_mom,2023-03-01,477,0.5,0.743
growth_mom,2023-04-01,477,3.9,3.549
growth_mom,2023-05-01,477,-4.7,-5.211
growth_mom,2023-06-01,477,1.4,1.011
growth_mom,2023-07-01,477,1.6,1.422
growth_mom,2023-08-01,477,2.4,2.083
growth_mom,2023-09-01,477,1.7,1.437
growth_mom,2023-10-01,477,-1.1,-0.899
growth_mom,2023-11-01,477,1.9,0.801
growth_mom,2023-12-01,477,3.2,2.696
growth_mom,2024-01-01,477,-2.5,-2.602
growth_mom,2024-02-01,477,1.1,1.083
growth_mom,2024-03-01,477,1.8,1.101
growth_mom,2024-04-01,477,1.6,0.089
growth_mom,2024-05-01,477,-0.845,-0.516
growth_mom,2024-06-01,477,1.2,1.659
growth_mom,2024-07-01,477,-3.8,-3.182
growth_mom,2024-08-01,477,1.6,0.892
growth_mom,2024-09-01,477,1.6,1.454
growth_mom,2024-10-01,477,1.499,0.942
growth_mom,2024-11-01,477,1.7,0.703
growth_mom,2024-12-01,477,2.0,1.752
growth_mom,2025-01-01,477,-1.3,-0.341
growth_mom,2025-02-01,477,-1.6,-2.342
growth_mom,2025-03-01,477,3.6,3.349
growth_mom,2025-04-01,477,-1.0,-1.952
growth_mom,2025-05-01,477,-0.2,-0.163
growth_mom,2025-06-01,477,1.85,2.042
growth_mom,2025-07-01,477,-2.246,-2.341
growth_mom,2025-08-01,477,0.146,-0.141
growth_mom,2025-09-01,477,1.398,0.541
growth_mom,2025-10-01,477,0.924,-0.108
growth_mom,2025-11-01,477,1.612,1.289
growth_mom,2025-12-01,477,2.49,2.302
growth_mom,2026-01-01,477,-1.485,-1.56
growth_mom,2026-02-01,477,0.212,0.191
abs,2018-01-01,478,119.105,123.297
abs,2018-02-01,478,115.418,119.506
abs,2018-03-01,478,115.766,119.591
abs,2018-04-01,478,115.411,115.274
abs,2018-05-01,478,117.022,124.1
abs,2018-06-01,478,119.621,124.008
abs,2018-07-01,478,118.381,112.717
abs,2018-08-01,478,119.181,125.953
abs,2018-09-01,478,120.492,130.044
abs,2018-10-01,478,122.456,139.838
abs,2018-11-01,478,122.309,124.787
abs,2018-12-01,478,126.989,131.458
abs,2019-01-01,478,128.014,136.285
abs,2019-02-01,478,124.418,131.768
abs,2019-03-01,478,127.074,133.812
abs,2019-04-01,478,124.875,127.105
abs,2019-05-01,478,128.634,137.064
abs,2019-06-01,478,129.929,134.465
abs,2019-07-01,478,127.489,121.116
abs,2019-08-01,478,129.229,135.645
abs,2019-09-01,478,129.65,137.505
abs,2019-10-01,478,132.669,148.828
abs,2019-11-01,478,132.831,133.593
abs,2019-12-01,478,138.31,141.375
abs,2020-01-01,478,139.791,146.926
abs,2020-02-01,478,136.168,142.496
abs,2020-03-01,478,129.235,136.368
abs,2020-04-01,478,130.224,132.304
abs,2020-05-01,478,134.926,144.396
abs,2020-06-01,478,141.47,145.347
abs,2020-07-01,478,143.309,134.883
abs,2020-08-01,478,141.895,147.51
abs,2020-09-01,478,140.24,147.864
abs,2020-10-01,478,142.005,144.122
abs,2020-11-01,478,142.395,143.862
abs,2020-12-01,478,148.375,148.829
abs,2021-01-01,478,147.633,149.574
abs,2021-02-01,478,144.475,147.372
abs,2021-03-01,478,144.908,148.596
abs,2021-04-01,478,147.516,155.402
abs,2021-05-01,478,146.631,154.217
abs,2021-06-01,478,145.458,145.953
abs,2021-07-01,478,146.331,139.41
abs,2021-08-01,478,150.282,153.025
abs,2021-09-01,478,155.241,161.498
abs,2021-10-01,478,158.191,153.134
abs,2021-11-01,478,158.912,153.769
abs,2021-12-01,478,160.978,155.688
abs,2022-01-01,478,159.69,155.122
abs,2022-02-01,478,157.135,153.611
abs,2022-03-01,478,161.991,161.72
abs,2022-04-01,478,173.006,173.138
abs,2022-05-01,478,181.83,181.478
abs,2022-06-01,478,184.557,183.396
abs,2022-07-01,478,185.295,183.64
abs,2022-08-01,478,185.666,184.166
abs,2022-09-01,478,186.594,184.832
abs,2022-10-01,478,187.154,185.064
abs,2022-11-01,478,188.277,185.324
abs,2022-12-01,478,189.595,185.946
abs,2023-01-01,478,191.301,186.795
abs,2023-02-01,478,190.153,185.086
abs,2023-03-01,478,192.435,187.092
abs,2023-04-01,478,195.707,190.52
abs,2023-05-01,478,192.771,187.241
abs,2023-06-01,478,195.277,189.714
abs,2023-07-01,478,195.863,189.974
abs,2023-08-01,478,198.801,192.81
abs,2023-09-01,478,196.614,190.707
abs,2023-10-01,478,196.968,191.003
abs,2023-11-01,478,199.135,193.143
abs,2023-12-01,478,202.122,195.489
abs,2024-01-01,478,195.047,189.152
abs,2024-02-01,478,196.413,190.254
abs,2024-03-01,478,198.573,192.183
abs,2024-04-01,478,203.538,196.394
abs,2024-05-01,478,204.148,196.837
abs,2024-06-01,478,207.21,199.487
abs,2024-07-01,478,208.661,200.769
abs,2024-08-01,478,209.913,201.97
abs,2024-09-01,478,212.222,204.292
abs,2024-10-01,478,213.495,204.793
abs,2024-11-01,478,210.933,201.944
abs,2024-12-01,478,213.254,204.047
abs,2025-01-01,478,216.026,206.908
abs,2025-02-01,478,211.273,201.738
abs,2025-03-01,478,218.507,208.801
abs,2025-04-01,478,220.423,210.58
abs,2025-05-01,478,217.799,208.176
abs,2025-06-01,478,219.316,209.12
abs,2025-07-01,478,220.057,210.0
abs,2025-08-01,478,220.836,210.686
abs,2025-09-01,478,223.55,212.888
abs,2025-10-01,478,225.151,214.403
abs,2025-11-01,478,222.062,211.183
abs,2025-12-01,478,225.759,213.978
abs,2026-01-01,478,229.408,217.022
abs,2026-02-01,478,229.987,217.917
growth_yoy,2019-01-01,478,7.48,10.534
growth_yoy,2019-02-01,478,7.798,10.261
growth_yoy,2019-03-01,478,9.768,11.892
growth_yoy,2019-04-01,478,8.2,10.263
growth_yoy,2019-05-01,478,9.923,10.447
growth_yoy,2019-06-01,478,8.617,8.432
growth_yoy,2019-07-01,478,7.694,7.452
growth_yoy,2019-08-01,478,8.431,7.695
growth_yoy,2019-09-01,478,7.6,5.737
growth_yoy,2019-10-01,478,8.34,6.429
growth_yoy,2019-11-01,478,8.603,7.057
growth_yoy,2019-12-01,478,8.915,7.543
growth_yoy,2020-01-01,478,9.2,7.808
growth_yoy,2020-02-01,478,9.444,8.141
growth_yoy,2020-03-01,478,1.7,1.91
growth_yoy,2020-04-01,478,4.283,4.091
growth_yoy,2020-05-01,478,4.891,5.349
growth_yoy,2020-06-01,478,8.882,8.093
growth_yoy,2020-07-01,478,12.409,11.366
growth_yoy,2020-08-01,478,9.801,8.747
growth_yoy,2020-09-01,478,8.169,7.533
growth_yoy,2020-10-01,478,7.037,-3.162
growth_yoy,2020-11-01,478,7.2,7.686
growth_yoy,2020-12-01,478,7.277,5.273
growth_yoy,2021-01-01,478,5.61,1.802
growth_yoy,2021-02-01,478,6.1,3.422
growth_yoy,2021-03-01,478,12.128,8.967
growth_yoy,2021-04-01,478,13.279,17.458
growth_yoy,2021-05-01,478,8.675,6.802
growth_yoy,2021-06-01,478,2.819,0.417
growth_yoy,2021-07-01,478,2.109,3.357
growth_yoy,2021-08-01,478,5.91,3.739
growth_yoy,2021-09-01,478,10.697,9.221
growth_yoy,2021-10-01,478,11.398,6.253
growth_yoy,2021-11-01,478,11.6,6.887
growth_yoy,2021-12-01,478,8.494,4.608
growth_yoy,2022-01-01,478,8.167,3.71
growth_yoy,2022-02-01,478,8.763,4.233
growth_yoy,2022-03-01,478,11.789,8.832
growth_yoy,2022-04-01,478,17.279,11.413
growth_yoy,2022-05-01,478,24.005,17.677
growth_yoy,2022-06-01,478,26.88,25.654
growth_yoy,2022-07-01,478,26.628,31.726
growth_yoy,2022-08-01,478,23.545,20.35
growth_yoy,2022-09-01,478,20.196,14.448
growth_yoy,2022-10-01,478,18.309,20.851
growth_yoy,2022-11-01,478,18.478,20.521
growth_yoy,2022-12-01,478,17.777,19.435
growth_yoy,2023-01-01,478,19.795,20.418
growth_yoy,2023-02-01,478,21.012,20.491
growth_yoy,2023-03-01,478,18.794,15.689
growth_yoy,2023-04-01,478,13.121,10.039
growth_yoy,2023-05-01,478,6.017,3.175
growth_yoy,2023-06-01,478,5.809,3.445
growth_yoy,2023-07-01,478,5.703,3.449
growth_yoy,2023-08-01,478,7.075,4.694
growth_yoy,2023-09-01,478,5.37,3.179
growth_yoy,2023-10-01,478,5.244,3.209
growth_yoy,2023-11-01,478,5.767,4.219
growth_yoy,2023-12-01,478,6.607,5.132
growth_yoy,2024-01-01,478,1.958,1.262
growth_yoy,2024-02-01,478,3.292,2.792
growth_yoy,2024-03-01,478,3.19,2.721
growth_yoy,2024-04-01,478,4.001,3.083
growth_yoy,2024-05-01,478,5.902,5.125
growth_yoy,2024-06-01,478,6.111,5.151
growth_yoy,2024-07-01,478,6.534,5.682
growth_yoy,2024-08-01,478,5.59,4.751
growth_yoy,2024-09-01,478,7.938,7.124
growth_yoy,2024-10-01,478,8.391,7.22
growth_yoy,2024-11-01,478,5.925,4.557
growth_yoy,2024-12-01,478,5.508,4.378
growth_yoy,2025-01-01,478,10.756,9.387
growth_yoy,2025-02-01,478,7.566,6.036
growth_yoy,2025-03-01,478,10.038,8.647
growth_yoy,2025-04-01,478,8.296,7.223
growth_yoy,2025-05-01,478,6.687,5.761
growth_yoy,2025-06-01,478,5.842,4.829
growth_yoy,2025-07-01,478,5.462,4.598
growth_yoy,2025-08-01,478,5.203,4.315
growth_yoy,2025-09-01,478,5.338,4.208
growth_yoy,2025-10-01,478,5.459,4.692
growth_yoy,2025-11-01,478,5.276,4.575
growth_yoy,2025-12-01,478,5.864,4.867
growth_yoy,2026-01-01,478,6.195,4.888
growth_yoy,2026-02-01,478,8.858,8.02
growth_mom,2018-02-01,478,-3.096,-3.074
growth_mom,2018-03-01,478,0.301,0.071
growth_mom,2018-04-01,478,-0.306,-3.609
growth_mom,2018-05-01,478,1.395,7.656
growth_mom,2018-06-01,478,2.221,-0.074
growth_mom,2018-07-01,478,-1.036,-9.105
growth_mom,2018-08-01,478,0.676,11.743
growth_mom,2018-09-01,478,1.1,3.248
growth_mom,2018-10-01,478,1.63,7.531
growth_mom,2018-11-01,478,-0.12,-10.763
growth_mom,2018-12-01,478,3.826,5.346
growth_mom,2019-01-01,478,0.807,3.671
growth_mom,2019-02-01,478,-2.809,-3.314
growth_mom,2019-03-01,478,2.135,1.551
growth_mom,2019-04-01,478,-1.731,-5.013
growth_mom,2019-05-01,478,3.01,7.836
growth_mom,2019-06-01,478,1.007,-1.897
growth_mom,2019-07-01,478,-1.878,-9.927
growth_mom,2019-08-01,478,1.365,11.996
growth_mom,2019-09-01,478,0.325,1.371
growth_mom,2019-10-01,478,2.329,8.234
growth_mom,2019-11-01,478,0.122,-10.236
growth_mom,2019-12-01,478,4.125,5.825
growth_mom,2020-01-01,478,1.071,3.927
growth_mom,2020-02-01,478,-2.592,-3.015
growth_mom,2020-03-01,478,-5.092,-4.3
growth_mom,2020-04-01,478,0.766,-2.98
growth_mom,2020-05-01,478,3.61,9.139
growth_mom,2020-06-01,478,4.85,0.659
growth_mom,2020-07-01,478,1.3,-7.199
growth_mom,2020-08-01,478,-0.986,9.362
growth_mom,2020-09-01,478,-1.167,0.239
growth_mom,2020-10-01,478,1.259,-2.53
growth_mom,2020-11-01,478,0.274,-0.181
growth_mom,2020-12-01,478,4.2,3.453
growth_mom,2021-01-01,478,-0.5,0.5
growth_mom,2021-02-01,478,-2.14,-1.472
growth_mom,2021-03-01,478,0.3,0.831
growth_mom,2021-04-01,478,1.8,4.58
growth_mom,2021-05-01,478,-0.6,-0.762
growth_mom,2021-06-01,478,-0.8,-5.359
growth_mom,2021-07-01,478,0.6,-4.483
growth_mom,2021-08-01,478,2.7,9.766
growth_mom,2021-09-01,478,3.3,5.536
growth_mom,2021-10-01,478,1.9,-5.179
growth_mom,2021-11-01,478,0.456,0.415
growth_mom,2021-12-01,478,1.3,1.248
growth_mom,2022-01-01,478,-0.8,-0.363
growth_mom,2022-02-01,478,-1.6,-0.975
growth_mom,2022-03-01,478,3.09,5.279
growth_mom,2022-04-01,478,6.8,7.06
growth_mom,2022-05-01,478,5.1,4.817
growth_mom,2022-06-01,478,1.5,1.057
growth_mom,2022-07-01,478,0.4,0.133
growth_mom,2022-08-01,478,0.2,0.286
growth_mom,2022-09-01,478,0.5,0.361
growth_mom,2022-10-01,478,0.3,0.126
growth_mom,2022-11-01,478,0.6,0.14
growth_mom,2022-12-01,478,0.7,0.336
growth_mom,2023-01-01,478,0.9,0.457
growth_mom,2023-02-01,478,-0.6,-0.915
growth_mom,2023-03-01,478,1.2,1.084
growth_mom,2023-04-01,478,1.7,1.832
growth_mom,2023-05-01,478,-1.5,-1.721
growth_mom,2023-06-01,478,1.3,1.321
growth_mom,2023-07-01,478,0.3,0.137
growth_mom,2023-08-01,478,1.5,1.493
growth_mom,2023-09-01,478,-1.1,-1.091
growth_mom,2023-10-01,478,0.18,0.156
growth_mom,2023-11-01,478,1.1,1.12
growth_mom,2023-12-01,478,1.5,1.214
growth_mom,2024-01-01,478,-3.5,-3.241
growth_mom,2024-02-01,478,0.7,0.582
growth_mom,2024-03-01,478,1.1,1.014
growth_mom,2024-04-01,478,2.5,2.191
growth_mom,2024-05-01,478,0.3,0.226
growth_mom,2024-06-01,478,1.5,1.346
growth_mom,2024-07-01,478,0.7,0.642
growth_mom,2024-08-01,478,0.6,0.598
growth_mom,2024-09-01,478,1.1,1.15
growth_mom,2024-10-01,478,0.6,0.245
growth_mom,2024-11-01,478,-1.2,-1.391
growth_mom,2024-12-01,478,1.1,1.041
growth_mom,2025-01-01,478,1.3,1.402
growth_mom,2025-02-01,478,-2.2,-2.499
growth_mom,2025-03-01,478,3.424,3.501
growth_mom,2025-04-01,478,0.877,0.852
growth_mom,2025-05-01,478,-1.19,-1.141
growth_mom,2025-06-01,478,0.696,0.453
growth_mom,2025-07-01,478,0.338,0.421
growth_mom,2025-08-01,478,0.354,0.327
growth_mom,2025-09-01,478,1.229,1.045
growth_mom,2025-10-01,478,0.716,0.711
growth_mom,2025-11-01,478,-1.372,-1.502
growth_mom,2025-12-01,478,1.665,1.324
growth_mom,2026-01-01,478,1.616,1.422
growth_mom,2026-02-01,478,0.253,0.412
abs,2018-01-01,479,331.586,114.093
abs,2018-02-01,479,329.134,107.706
abs,2018-03-01,479,335.304,118.935
abs,2018-04-01,479,340.681,116.61
abs,2018-05-01,479,337.93,114.17
abs,2018-06-01,479,339.671,117.51
abs,2018-07-01,479,344.086,119.189
abs,2018-08-01,479,351.514,126.843
abs,2018-09-01,479,342.384,123.357
abs,2018-10-01,479,352.135,127.671
abs,2018-11-01,479,362.555,130.541
abs,2018-12-01,479,366.379,132.068
abs,2019-01-01,479,365.74,128.538
abs,2019-02-01,479,351.756,117.831
abs,2019-03-01,479,352.422,128.932
abs,2019-04-01,479,359.725,127.017
abs,2019-05-01,479,348.899,119.063
abs,2019-06-01,479,356.441,122.76
abs,2019-07-01,479,358.136,123.173
abs,2019-08-01,479,367.441,133.143
abs,2019-09-01,479,362.243,129.974
abs,2019-10-01,479,376.08,135.366
abs,2019-11-01,479,392.253,140.464
abs,2019-12-01,479,400.092,143.817
abs,2020-01-01,479,400.648,140.654
abs,2020-02-01,479,386.255,129.247
abs,2020-03-01,479,360.88,132.653
abs,2020-04-01,479,373.035,132.982
abs,2020-05-01,479,383.853,131.792
abs,2020-06-01,479,391.53,135.533
abs,2020-07-01,479,393.592,136.425
abs,2020-08-01,479,392.411,142.574
abs,2020-09-01,479,395.55,142.992
abs,2020-10-01,479,407.143,147.719
abs,2020-11-01,479,434.828,157.016
abs,2020-12-01,479,439.177,156.967
abs,2021-01-01,479,436.542,152.447
abs,2021-02-01,479,422.177,142.275
abs,2021-03-01,479,403.601,140.685
abs,2021-04-01,479,438.616,150.928
abs,2021-05-01,479,468.442,158.831
abs,2021-06-01,479,458.136,156.292
abs,2021-07-01,479,464.092,160.437
abs,2021-08-01,479,473.838,166.05
abs,2021-09-01,479,507.244,178.471
abs,2021-10-01,479,517.896,180.494
abs,2021-11-01,479,558.32,195.464
abs,2021-12-01,479,560.162,196.309
abs,2022-01-01,479,553.44,192.462
abs,2022-02-01,479,531.358,182.614
abs,2022-03-01,479,510.635,174.838
abs,2022-04-01,479,564.252,189.916
abs,2022-05-01,479,594.721,199.098
abs,2022-06-01,479,599.479,201.176
abs,2022-07-01,479,605.474,203.359
abs,2022-08-01,479,609.712,205.146
abs,2022-09-01,479,615.199,206.987
abs,2022-10-01,479,616.43,207.393
abs,2022-11-01,479,618.896,207.536
abs,2022-12-01,479,623.847,208.853
abs,2023-01-01,479,613.865,204.167
abs,2023-02-01,479,605.885,200.916
abs,2023-03-01,479,607.097,201.605
abs,2023-04-01,479,614.382,204.02
abs,2023-05-01,479,609.467,201.89
abs,2023-06-01,479,611.295,202.383
abs,2023-07-01,479,608.85,201.528
abs,2023-08-01,479,617.374,204.441
abs,2023-09-01,479,622.313,205.856
abs,2023-10-01,479,617.957,205.514
abs,2023-11-01,479,623.518,206.772
abs,2023-12-01,479,631.001,208.721
abs,2024-01-01,479,618.381,204.032
abs,2024-02-01,479,612.197,200.417
abs,2024-03-01,479,645.255,211.629
abs,2024-04-01,479,653.644,214.244
abs,2024-05-01,479,658.219,215.088
abs,2024-06-01,479,660.852,215.418
abs,2024-07-01,479,664.817,217.036
abs,2024-08-01,479,675.454,220.282
abs,2024-09-01,479,660.594,215.331
abs,2024-10-01,479,663.897,216.214
abs,2024-11-01,479,671.2,218.211
abs,2024-12-01,479,668.515,217.772
abs,2025-01-01,479,677.875,220.592
abs,2025-02-01,479,668.384,217.32
abs,2025-03-01,479,703.14,228.534
abs,2025-04-01,479,696.109,226.25
abs,2025-05-01,479,685.31,223.077
abs,2025-06-01,479,696.25,226.072
abs,2025-07-01,479,698.83,228.202
abs,2025-08-01,479,709.322,231.174
abs,2025-09-01,479,721.477,234.737
abs,2025-10-01,479,720.756,234.979
abs,2025-11-01,479,719.624,234.174
abs,2025-12-01,479,729.528,237.06
abs,2026-01-01,479,739.212,239.811
abs,2026-02-01,479,723.486,234.026
growth_yoy,2019-01-01,479,10.3,12.661
growth_yoy,2019-02-01,479,6.873,9.401
growth_yoy,2019-03-01,479,5.105,8.405
growth_yoy,2019-04-01,479,5.59,8.924
growth_yoy,2019-05-01,479,3.246,4.285
growth_yoy,2019-06-01,479,4.937,4.467
growth_yoy,2019-07-01,479,4.083,3.343
growth_yoy,2019-08-01,479,4.531,4.966
growth_yoy,2019-09-01,479,5.8,5.364
growth_yoy,2019-10-01,479,6.8,6.027
growth_yoy,2019-11-01,479,8.191,7.601
growth_yoy,2019-12-01,479,9.202,8.896
growth_yoy,2020-01-01,479,9.545,9.425
growth_yoy,2020-02-01,479,9.808,9.688
growth_yoy,2020-03-01,479,2.4,2.886
growth_yoy,2020-04-01,479,3.7,4.696
growth_yoy,2020-05-01,479,10.018,10.692
growth_yoy,2020-06-01,479,9.844,10.405
growth_yoy,2020-07-01,479,9.9,10.759
growth_yoy,2020-08-01,479,6.796,7.084
growth_yoy,2020-09-01,479,9.195,10.016
growth_yoy,2020-10-01,479,8.259,9.125
growth_yoy,2020-11-01,479,10.854,11.784
growth_yoy,2020-12-01,479,9.769,9.143
growth_yoy,2021-01-01,479,8.959,8.385
growth_yoy,2021-02-01,479,9.3,10.08
growth_yoy,2021-03-01,479,11.838,6.055
growth_yoy,2021-04-01,479,17.58,13.495
growth_yoy,2021-05-01,479,22.037,20.516
growth_yoy,2021-06-01,479,17.012,15.317
growth_yoy,2021-07-01,479,17.912,17.601
growth_yoy,2021-08-01,479,20.75,16.465
growth_yoy,2021-09-01,479,28.238,24.812
growth_yoy,2021-10-01,479,27.203,22.188
growth_yoy,2021-11-01,479,28.4,24.487
growth_yoy,2021-12-01,479,27.548,25.065
growth_yoy,2022-01-01,479,26.778,26.248
growth_yoy,2022-02-01,479,25.862,28.352
growth_yoy,2022-03-01,479,26.52,24.276
growth_yoy,2022-04-01,479,28.644,25.833
growth_yoy,2022-05-01,479,26.957,25.352
growth_yoy,2022-06-01,479,30.852,28.718
growth_yoy,2022-07-01,479,30.464,26.753
growth_yoy,2022-08-01,479,28.675,23.545
growth_yoy,2022-09-01,479,21.283,15.978
growth_yoy,2022-10-01,479,19.026,14.903
growth_yoy,2022-11-01,479,10.85,6.176
growth_yoy,2022-12-01,479,11.369,6.389
growth_yoy,2023-01-01,479,10.918,6.082
growth_yoy,2023-02-01,479,14.026,10.022
growth_yoy,2023-03-01,479,18.891,15.31
growth_yoy,2023-04-01,479,8.884,7.427
growth_yoy,2023-05-01,479,2.479,1.402
growth_yoy,2023-06-01,479,1.971,0.6
growth_yoy,2023-07-01,479,0.558,-0.9
growth_yoy,2023-08-01,479,1.257,-0.344
growth_yoy,2023-09-01,479,1.156,-0.546
growth_yoy,2023-10-01,479,0.248,-0.906
growth_yoy,2023-11-01,479,0.747,-0.368
growth_yoy,2023-12-01,479,1.147,-0.063
growth_yoy,2024-01-01,479,0.736,-0.066
growth_yoy,2024-02-01,479,1.042,-0.249
growth_yoy,2024-03-01,479,6.285,4.972
growth_yoy,2024-04-01,479,6.39,5.011
growth_yoy,2024-05-01,479,7.999,6.537
growth_yoy,2024-06-01,479,8.107,6.441
growth_yoy,2024-07-01,479,9.192,7.695
growth_yoy,2024-08-01,479,9.408,7.748
growth_yoy,2024-09-01,479,6.151,4.602
growth_yoy,2024-10-01,479,7.434,5.207
growth_yoy,2024-11-01,479,7.647,5.532
growth_yoy,2024-12-01,479,5.945,4.336
growth_yoy,2025-01-01,479,9.621,8.116
growth_yoy,2025-02-01,479,9.178,8.434
growth_yoy,2025-03-01,479,8.971,7.988
growth_yoy,2025-04-01,479,6.497,5.603
growth_yoy,2025-05-01,479,4.116,3.715
growth_yoy,2025-06-01,479,5.356,4.946
growth_yoy,2025-07-01,479,5.116,5.145
growth_yoy,2025-08-01,479,5.014,4.945
growth_yoy,2025-09-01,479,9.216,9.012
growth_yoy,2025-10-01,479,8.564,8.679
growth_yoy,2025-11-01,479,7.215,7.316
growth_yoy,2025-12-01,479,9.127,8.857
growth_yoy,2026-01-01,479,9.049,8.712
growth_yoy,2026-02-01,479,8.244,7.687
growth_mom,2018-02-01,479,-0.74,-5.598
growth_mom,2018-03-01,479,1.874,10.426
growth_mom,2018-04-01,479,1.604,-1.955
growth_mom,2018-05-01,479,-0.808,-2.092
growth_mom,2018-06-01,479,0.515,2.925
growth_mom,2018-07-01,479,1.3,1.428
growth_mom,2018-08-01,479,2.159,6.422
growth_mom,2018-09-01,479,-2.597,-2.748
growth_mom,2018-10-01,479,2.848,3.497
growth_mom,2018-11-01,479,2.959,2.248
growth_mom,2018-12-01,479,1.055,1.17
growth_mom,2019-01-01,479,-0.174,-2.673
growth_mom,2019-02-01,479,-3.823,-8.33
growth_mom,2019-03-01,479,0.189,9.421
growth_mom,2019-04-01,479,2.072,-1.485
growth_mom,2019-05-01,479,-3.01,-6.262
growth_mom,2019-06-01,479,2.162,3.105
growth_mom,2019-07-01,479,0.476,0.336
growth_mom,2019-08-01,479,2.598,8.094
growth_mom,2019-09-01,479,-1.415,-2.38
growth_mom,2019-10-01,479,3.82,4.149
growth_mom,2019-11-01,479,4.3,3.766
growth_mom,2019-12-01,479,1.999,2.387
growth_mom,2020-01-01,479,0.139,-2.2
growth_mom,2020-02-01,479,-3.593,-8.11
growth_mom,2020-03-01,479,-6.569,2.635
growth_mom,2020-04-01,479,3.368,0.248
growth_mom,2020-05-01,479,2.9,-0.894
growth_mom,2020-06-01,479,2.0,2.838
growth_mom,2020-07-01,479,0.527,0.658
growth_mom,2020-08-01,479,-0.3,4.507
growth_mom,2020-09-01,479,0.8,0.293
growth_mom,2020-10-01,479,2.931,3.306
growth_mom,2020-11-01,479,6.8,6.294
growth_mom,2020-12-01,479,1.0,-0.031
growth_mom,2021-01-01,479,-0.6,-2.879
growth_mom,2021-02-01,479,-3.291,-6.672
growth_mom,2021-03-01,479,-4.4,-1.118
growth_mom,2021-04-01,479,8.676,7.281
growth_mom,2021-05-01,479,6.8,5.237
growth_mom,2021-06-01,479,-2.2,-1.599
growth_mom,2021-07-01,479,1.3,2.652
growth_mom,2021-08-01,479,2.1,3.498
growth_mom,2021-09-01,479,7.05,7.481
growth_mom,2021-10-01,479,2.1,1.133
growth_mom,2021-11-01,479,7.805,8.294
growth_mom,2021-12-01,479,0.33,0.432
growth_mom,2022-01-01,479,-1.2,-1.96
growth_mom,2022-02-01,479,-3.99,-5.117
growth_mom,2022-03-01,479,-3.9,-4.258
growth_mom,2022-04-01,479,10.5,8.624
growth_mom,2022-05-01,479,5.4,4.835
growth_mom,2022-06-01,479,0.8,1.043
growth_mom,2022-07-01,479,1.0,1.085
growth_mom,2022-08-01,479,0.7,0.879
growth_mom,2022-09-01,479,0.9,0.897
growth_mom,2022-10-01,479,0.2,0.196
growth_mom,2022-11-01,479,0.4,0.069
growth_mom,2022-12-01,479,0.8,0.634
growth_mom,2023-01-01,479,-1.6,-2.243
growth_mom,2023-02-01,479,-1.3,-1.592
growth_mom,2023-03-01,479,0.2,0.343
growth_mom,2023-04-01,479,1.2,1.198
growth_mom,2023-05-01,479,-0.8,-1.044
growth_mom,2023-06-01,479,0.3,0.244
growth_mom,2023-07-01,479,-0.4,-0.422
growth_mom,2023-08-01,479,1.4,1.445
growth_mom,2023-09-01,479,0.8,0.692
growth_mom,2023-10-01,479,-0.7,-0.167
growth_mom,2023-11-01,479,0.9,0.613
growth_mom,2023-12-01,479,1.2,0.942
growth_mom,2024-01-01,479,-2.0,-2.246
growth_mom,2024-02-01,479,-1.0,-1.772
growth_mom,2024-03-01,479,5.4,5.595
growth_mom,2024-04-01,479,1.3,1.236
growth_mom,2024-05-01,479,0.7,0.394
growth_mom,2024-06-01,479,0.4,0.154
growth_mom,2024-07-01,479,0.6,0.751
growth_mom,2024-08-01,479,1.6,1.495
growth_mom,2024-09-01,479,-2.2,-2.247
growth_mom,2024-10-01,479,0.5,0.41
growth_mom,2024-11-01,479,1.1,0.923
growth_mom,2024-12-01,479,-0.4,-0.201
growth_mom,2025-01-01,479,1.4,1.295
growth_mom,2025-02-01,479,-1.4,-1.484
growth_mom,2025-03-01,479,5.2,5.16
growth_mom,2025-04-01,479,-1.0,-0.999
growth_mom,2025-05-01,479,-1.551,-1.402
growth_mom,2025-06-01,479,1.596,1.342
growth_mom,2025-07-01,479,0.371,0.942
growth_mom,2025-08-01,479,1.501,1.302
growth_mom,2025-09-01,479,1.714,1.541
growth_mom,2025-10-01,479,-0.1,0.103
growth_mom,2025-11-01,479,-0.157,-0.343
growth_mom,2025-12-01,479,1.376,1.232
growth_mom,2026-01-01,479,1.327,1.16
growth_mom,2026-02-01,479,-2.127,-2.412
